       0               0
       0               0
4.034778               0
17.86458               0
24.24756               0
32.75821               0
 35.9497               0
42.33268               0
45.52417               0
55.09865               0
65.73696               0
79.56676               0
92.33272               0
107.6862               0
122.2633               0
136.8404               0
152.5388               0
167.1159               0
176.0865               0
186.1783        0.664876
192.9062        1.329751
194.0275        1.329751
196.2701        1.994627
199.6445        1.994627
196.2701        2.327064
196.2701         2.99194
198.5128        3.656815
203.0466        4.321691
200.7785        3.989253
200.7785        4.654129
206.4487        5.651442
212.1189         5.98388
217.7891         5.98388
229.1294        7.313631
234.7996        7.978506
235.9336        7.646068
246.1399        9.308257
 247.274        10.63801
 249.542        10.63801
 249.542        10.97045
246.1399        10.63801
245.0059        10.30557
242.7378        9.973133
239.3357        10.97045
238.2017        11.63532
240.4698        12.63264
246.1399        13.29751
250.6761        13.62995
251.8101        14.29482
 249.542        12.63264
 249.542        12.63264
254.0782        12.96507
254.0782        13.29751
252.9441        13.96239
254.0782         14.9597
 247.274        15.95701
243.8719        15.29214
237.0677        14.29482
234.7996        12.63264
238.2017        11.63532
242.7378        12.63264
243.8719        13.96239
246.1399        13.62995
250.6761        14.62726
 249.542        14.62726
 248.408        14.62726
 249.542        14.29482
252.9441         14.9597
252.9441        13.96239
250.6761        13.96239
251.8101        14.62726
254.0782         14.9597
255.2122         14.9597
250.6761         14.9597
250.6761        14.62726
256.3462        13.62995
257.4803        13.62995
259.7483        13.96239
259.7483         14.9597
256.3462        15.62457
258.6143        15.62457
257.4803         14.9597
254.0782        13.62995
252.9441        13.96239
254.0782        13.62995
255.2122        13.96239
258.6143        13.96239
264.2845        15.62457
269.9547        16.28945
258.6143         14.9597
258.6143         14.9597
260.8824         14.9597
259.7483        12.96507
265.4185        12.96507
264.2845        12.96507
268.8206        13.62995
274.4908        15.95701
271.0887         14.9597
269.9547        14.62726
273.3568         14.9597
268.8206        15.29214
268.8206        16.62189
266.5525        16.95433
269.9547        16.62189
269.9547        15.95701
268.8206        15.95701
266.5525         17.6192
260.8824        16.28945
264.2845        16.62189
262.0164        15.29214
262.0164        15.29214
269.9547        15.62457
273.3568        16.62189
 282.429        16.28945
286.9652        15.95701
274.4908        13.62995
274.4908         17.6192
279.0269        19.28139
272.2227        19.28139
269.9547        15.62457
269.9547        15.95701
274.4908         14.9597
275.6248         17.6192
275.6248        18.28408
276.7589        19.28139
276.7589        16.28945
 280.161         17.6192
285.8311        17.95164
288.0992        18.61651
296.0374        13.96239
289.2332        15.29214
288.0992        15.62457
284.6971        16.28945
292.6353        20.61114
292.6353        18.61651
298.3055        18.61651
311.9313        14.62726
310.5601        15.29214
305.0755        16.28945
300.9621        17.95164
293.7694        18.94895
298.3055        18.61651
302.3332        19.28139
303.7044        16.95433
305.0755        16.95433
296.0374        18.61651
291.5013        20.94358
297.1715        19.61383
310.5601        17.95164
303.7044        18.61651
303.7044        18.94895
 282.429        23.60308
285.8311        20.94358
 280.161        23.27064
268.8206        22.60577
273.3568        23.93552
254.0782        24.93283
 248.408        21.94089
237.0677         27.2599
233.6655        23.60308
 247.274        23.27064
 214.387        24.93283
212.1189        24.26796
204.1806        26.59502
182.8144        20.94358
 185.057        22.93821
160.3881        22.60577
 163.752        20.94358
136.8404        23.60308
133.4765         17.6192
127.8699        20.94358
100.9583        18.94895
120.0207        16.62189
85.94974        17.95164
 88.0774        14.62726
78.50292        15.95701
64.67313        12.63264
66.80079        13.62995
47.65184        11.63532
51.90716        12.63264
33.82204        10.63801
 35.9497        11.30288
24.24756        10.30557
18.92841        9.640695
16.80075        9.640695
11.48159        7.313631
2.970948        6.316317
-1.28438        6.981193
       0        6.648755
       0               0
       0               0
9.353932               0
17.86458               0
23.18373               0
28.50288               0
34.88587               0
40.20502               0
 49.7795               0
 63.6093               0
77.43909               0
95.52422        0.664876
112.1715        0.664876
127.8699        0.997313
 142.447        0.997313
160.3881        1.329751
174.9652        1.662189
180.5717        2.327064
189.5423        2.659502
196.2701        3.324378
197.3915        3.656815
198.5128        4.321691
200.7785        4.654129
196.2701        4.654129
191.7849        4.986566
191.7849        5.651442
192.9062        5.651442
196.2701        6.316317
203.0466        6.981193
206.4487        7.646068
213.2529        8.643382
221.1912        8.643382
227.9954        9.308257
235.9336        10.30557
239.3357        11.30288
238.2017        11.30288
239.3357        11.30288
241.6038        11.96776
241.6038        13.62995
246.1399        13.96239
 249.542        14.29482
239.3357        13.62995
234.7996        13.29751
241.6038        13.96239
243.8719         14.9597
245.0059        15.95701
 249.542        16.95433
254.0782        18.61651
254.0782         17.6192
258.6143        16.95433
259.7483        16.62189
266.5525        16.95433
266.5525        16.62189
268.8206        18.61651
267.6866        18.94895
266.5525        18.94895
265.4185        19.28139
258.6143        18.28408
259.7483        18.61651
256.3462        16.95433
255.2122        18.28408
257.4803        18.61651
263.1504         20.2787
266.5525        19.28139
267.6866        18.28408
267.6866        18.94895
269.9547        19.28139
271.0887        19.61383
274.4908        19.94627
271.0887        19.61383
268.8206        19.61383
268.8206         20.2787
267.6866         20.2787
277.8929        23.27064
284.6971        23.27064
274.4908        19.94627
266.5525        18.28408
258.6143        18.28408
259.7483         17.6192
263.1504        18.61651
271.0887         20.2787
 280.161        20.94358
284.6971        22.93821
 280.161        21.60845
276.7589         20.2787
272.2227        18.61651
266.5525        17.95164
269.9547        18.28408
272.2227        18.94895
273.3568        19.61383
279.0269        21.60845
283.5631        22.93821
291.5013        22.60577
294.9034        21.94089
303.7044        21.94089
 309.189        22.60577
314.6736        20.61114
300.9621         20.2787
298.3055        21.27602
305.0755        23.60308
307.8178        24.60039
310.5601        26.26258
307.8178        24.26796
310.5601        22.27333
 309.189        22.27333
296.0374        21.94089
293.7694        21.94089
290.3673        23.60308
285.8311        21.27602
288.0992        23.27064
296.0374        24.26796
307.8178        24.26796
307.8178        23.27064
 309.189        21.94089
305.0755        20.94358
311.9313        23.93552
316.0448        24.26796
310.5601        24.60039
311.9313        25.59771
307.8178        23.93552
313.3024        24.26796
318.7871        25.26527
332.4986        25.26527
 336.612        25.26527
335.2409        24.26796
337.9832        25.59771
343.4678        24.60039
350.3236        23.93552
357.1793        22.93821
357.1793        25.59771
359.9216        28.25721
351.6947        27.92477
342.0967        25.26527
343.4678        23.93552
346.2101        24.93283
353.0659        26.26258
353.0659        25.59771
 344.839        25.59771
325.6428        24.93283
 336.612        28.92209
339.3544        25.59771
340.7255        25.93015
333.8697        27.92477
322.9005        26.59502
322.9005        26.92746
329.7563        28.25721
328.3851        26.26258
322.9005        26.59502
307.8178         27.2599
307.8178        28.92209
302.3332        28.25721
283.5631        26.26258
 281.295        26.59502
275.6248        27.92477
266.5525        26.92746
255.2122        28.58965
240.4698        29.58696
232.5315        28.58965
 214.387        28.25721
207.5828        26.92746
196.2701        25.26527
176.0865        26.26258
172.7225        23.60308
155.9028        23.27064
137.9617        21.94089
143.5683        22.27333
130.1125        19.94627
117.7781        19.94627
111.0502         20.2787
105.4436        18.94895
94.46038        19.28139
85.94974        18.94895
75.31143        17.28676
65.73696        15.62457
 60.4178        15.29214
48.71567        13.96239
40.20502        13.62995
38.07736        15.29214
28.50288        11.30288
18.92841        13.96239
12.54542        12.63264
8.290101        9.973133
       0        10.30557
       0        0.997313
       0               0
       0               0
       0        0.332438
-1.28438        0.664876
10.41776        0.664876
21.05607        0.664876
24.24756        0.332438
32.75821        0.332438
41.26885        0.332438
46.58801        0.664876
54.03482        0.664876
66.80079        0.997313
79.56676        0.997313
95.52422        0.997313
113.2928        0.997313
126.7486        1.329751
143.5683        1.662189
157.0241        2.327064
169.3586        2.659502
179.4504        2.659502
188.4209        3.324378
190.6636        3.656815
191.7849        4.321691
198.5128        4.986566
196.2701        5.319004
197.3915        5.319004
197.3915        5.651442
196.2701         5.98388
196.2701        6.981193
201.9126        7.313631
204.1806        7.313631
210.9849        8.310944
217.7891        8.975819
224.5933        9.640695
229.1294        10.30557
230.2634        10.30557
238.2017        11.63532
240.4698        12.63264
246.1399        12.63264
245.0059        13.29751
238.2017        13.29751
240.4698        13.62995
239.3357        13.29751
240.4698        13.96239
241.6038        14.62726
243.8719        15.62457
242.7378        16.62189
250.6761        16.95433
251.8101        17.28676
254.0782        16.95433
262.0164         17.6192
257.4803        17.95164
262.0164        18.94895
266.5525        19.28139
268.8206        18.61651
264.2845        17.95164
264.2845        18.61651
272.2227        18.61651
268.8206        19.61383
273.3568        19.94627
273.3568         20.2787
269.9547        19.28139
273.3568        19.28139
273.3568        19.94627
267.6866        19.61383
267.6866        19.94627
275.6248        20.94358
279.0269         20.2787
284.6971        21.60845
 281.295        19.94627
 282.429         20.2787
286.9652        20.61114
290.3673        20.61114
288.0992        20.94358
291.5013        20.94358
286.9652        22.27333
284.6971        22.27333
284.6971        22.27333
292.6353        24.60039
291.5013        22.60577
289.2332        20.94358
 282.429        22.60577
 281.295        23.93552
289.2332        24.26796
291.5013        22.60577
293.7694        21.94089
291.5013        22.27333
290.3673        21.94089
286.9652        21.94089
290.3673        23.27064
306.4467        25.93015
313.3024        25.59771
302.3332        24.60039
298.3055        22.27333
298.3055        23.27064
310.5601        25.59771
 309.189        25.26527
 309.189        21.27602
322.9005        23.60308
331.1274        22.60577
322.9005        23.27064
316.0448        24.60039
329.7563         27.2599
329.7563        25.93015
321.5294        25.26527
325.6428        23.60308
321.5294        24.60039
320.1582        25.59771
331.1274        27.59233
331.1274        26.59502
332.4986        25.59771
332.4986        24.93283
 327.014        23.27064
328.3851        24.60039
 327.014        25.59771
337.9832        25.26527
348.9524        24.60039
 354.437        22.93821
346.2101        25.26527
350.3236        24.60039
 354.437        26.59502
 354.437        25.93015
368.1486        25.59771
366.7774        24.93283
369.5197        24.93283
364.0351        26.92746
364.0351        26.26258
359.9216        25.93015
366.7774        25.93015
361.2928        25.59771
359.9216        25.59771
361.2928        25.59771
366.7774        25.26527
365.4063        25.93015
366.7774        27.59233
359.9216        25.93015
 372.262        28.58965
373.6332        25.59771
373.6332        26.59502
375.0043        27.59233
379.1178        27.92477
361.2928        26.59502
357.1793        25.59771
364.0351        25.59771
357.1793        26.59502
340.7255        26.26258
340.7255        26.92746
346.2101        26.26258
331.1274        25.26527
333.8697        27.59233
328.3851        30.91671
320.1582        29.25452
307.8178        29.58696
290.3673         29.9194
284.6971        27.59233
275.6248        28.25721
262.0164        28.92209
260.8824        28.92209
246.1399        28.25721
230.2634        26.26258
218.9231        26.59502
203.0466        26.59502
188.4209        26.59502
180.5717        26.59502
169.3586        23.93552
153.6602        22.60577
137.9617        21.94089
135.7191        22.27333
120.0207        22.93821
114.4141        20.61114
105.4436        18.94895
92.33272        19.61383
83.82208        18.94895
77.43909         17.6192
61.48163         17.6192
62.54546        15.29214
57.22631        13.96239
40.20502        14.29482
39.14119        14.62726
30.63055        12.96507
17.86458        13.96239
14.67309        11.96776
10.41776        9.973133
0.843286        8.975819
       0        0.664876
       0               0
       0               0
       0        0.997313
-0.22054        0.664876
15.73692        0.664876
 22.1199        0.997313
29.56671        0.997313
33.82204        0.997313
37.01353        0.997313
41.26885        0.997313
51.90716        0.997313
61.48163        0.997313
75.31143        1.329751
89.14123        1.329751
106.5649        1.662189
123.3846        1.662189
139.0831        1.994627
155.9028        1.994627
170.4799        2.659502
 181.693        3.324378
189.5423        3.656815
196.2701        3.989253
200.7785        4.654129
201.9126        4.986566
195.1488        5.319004
195.1488         5.98388
197.3915        6.316317
196.2701        6.316317
196.2701        6.981193
204.1806        7.313631
206.4487        7.978506
208.7168        8.643382
 215.521        9.308257
223.4592        9.308257
229.1294        10.30557
237.0677        11.30288
242.7378        12.63264
239.3357        11.96776
240.4698         12.3002
 247.274        13.29751
252.9441        14.62726
252.9441        14.62726
245.0059         14.9597
240.4698        14.62726
237.0677        14.62726
235.9336        14.29482
237.0677         14.9597
242.7378        16.28945
239.3357        16.62189
245.0059        17.95164
257.4803        18.94895
264.2845        18.94895
268.8206        17.28676
268.8206        17.28676
267.6866         17.6192
263.1504        17.95164
268.8206        19.61383
275.6248         20.2787
273.3568        19.61383
279.0269        18.94895
274.4908        18.61651
273.3568        18.61651
275.6248        18.28408
 281.295        19.61383
288.0992        20.94358
291.5013        21.94089
293.7694        21.60845
275.6248        20.61114
276.7589         20.2787
 282.429        19.94627
286.9652        21.27602
288.0992        21.60845
289.2332        22.27333
290.3673        23.60308
299.5909        24.26796
307.8178        23.27064
293.7694        19.28139
289.2332        20.94358
 282.429        19.94627
274.4908         20.2787
 281.295        22.93821
291.5013        23.60308
290.3673        24.26796
293.7694        23.27064
296.0374        24.60039
293.7694        22.93821
 282.429        20.94358
284.6971        21.60845
297.1715        24.26796
317.4159        26.59502
316.0448        26.26258
 309.189        25.26527
292.6353        23.60308
303.7044        24.60039
 309.189        25.26527
316.0448        25.26527
324.2717        24.93283
317.4159        23.60308
320.1582        23.93552
324.2717        25.26527
 336.612        26.26258
343.4678        25.93015
331.1274        25.26527
324.2717        24.93283
322.9005        26.92746
332.4986        26.92746
339.3544        24.60039
339.3544        25.59771
340.7255        26.59502
337.9832         27.2599
 336.612        24.60039
343.4678        26.26258
350.3236        25.59771
 354.437        26.59502
340.7255        25.26527
337.9832        25.93015
 336.612        26.26258
 344.839         27.2599
353.0659         27.2599
357.1793         27.2599
 354.437        26.26258
365.4063        26.26258
375.0043        27.59233
373.6332        27.59233
373.6332        28.25721
375.0043        27.59233
368.1486        26.59502
369.5197        29.58696
366.7774        29.58696
359.9216        29.25452
355.8082        27.59233
366.7774        26.59502
359.9216        25.26527
365.4063        28.25721
375.0043        28.92209
359.9216        26.92746
361.2928        26.92746
369.5197        27.59233
364.0351        24.93283
365.4063        24.93283
361.2928        26.26258
362.6639        26.59502
373.6332        26.92746
359.9216        28.58965
362.6639        28.58965
362.6639        30.25184
339.3544        28.25721
331.1274        28.92209
331.1274        26.92746
322.9005         27.2599
317.4159         27.2599
316.0448         27.2599
306.4467        31.91402
291.5013        30.25184
293.7694        30.25184
271.0887        33.90865
255.2122        28.58965
 247.274         29.9194
226.8613        30.25184
225.7273        26.92746
212.1189        26.59502
194.0275         27.2599
 181.693        28.58965
160.3881        25.26527
154.7815        26.59502
143.5683        24.93283
 142.447        21.27602
126.7486        22.93821
120.0207        21.94089
105.4436        20.94358
93.39655        21.27602
96.58805        18.61651
81.69442        18.61651
 74.2476         17.6192
62.54546        18.28408
51.90716        16.62189
47.65184        17.95164
40.20502         14.9597
 35.9497        14.62726
28.50288        15.29214
18.92841        14.62726
10.41776        11.96776
 7.22627        13.29751
-0.22054        10.30557
       0        1.329751
       0        0.664876
       0               0
       0               0
       0        0.997313
 6.16244        0.997313
14.67309        0.997313
25.31139        0.997313
30.63055        0.664876
39.14119        0.997313
43.39651        1.329751
47.65184        1.329751
55.09865        1.329751
62.54546        1.329751
76.37526        1.329751
90.20506        1.662189
105.4436        1.662189
120.0207        1.994627
135.7191        2.659502
152.5388         2.99194
165.9946         2.99194
179.4504        3.324378
189.5423        3.989253
194.0275        4.654129
196.2701        4.986566
198.5128        5.319004
199.6445        5.319004
197.3915         5.98388
195.1488        6.648755
192.9062        6.981193
194.0275        7.313631
201.9126        7.978506
201.9126        7.978506
212.1189        8.643382
217.7891        9.308257
222.3252        10.63801
227.9954        10.97045
231.3975        10.97045
237.0677        11.96776
241.6038        12.63264
240.4698        13.62995
241.6038        13.29751
243.8719         14.9597
242.7378         14.9597
239.3357        15.29214
239.3357        15.29214
239.3357        15.95701
243.8719        15.95701
243.8719        16.62189
 248.408        16.95433
252.9441        16.28945
254.0782         17.6192
254.0782        17.28676
259.7483        18.28408
272.2227        18.94895
274.4908        19.28139
271.0887        18.94895
277.8929        19.28139
283.5631         20.2787
286.9652        20.61114
 282.429        20.61114
277.8929        19.94627
279.0269        20.94358
284.6971        22.60577
285.8311        22.60577
279.0269        21.27602
284.6971        21.94089
286.9652        21.60845
290.3673        20.94358
294.9034        20.94358
292.6353        21.27602
285.8311        22.27333
292.6353        25.26527
305.0755        24.93283
302.3332        24.26796
300.9621        22.60577
297.1715        21.94089
293.7694        21.94089
289.2332        21.60845
288.0992        20.61114
284.6971        22.27333
299.5909        24.26796
313.3024        25.93015
317.4159        21.94089
318.7871        22.93821
310.5601        22.93821
310.5601        23.93552
313.3024        25.26527
321.5294         27.2599
320.1582        26.92746
331.1274        25.93015
321.5294        24.93283
318.7871        25.93015
340.7255        26.92746
346.2101        27.59233
350.3236        27.92477
351.6947        28.25721
357.1793        27.92477
335.2409        25.93015
332.4986        27.59233
339.3544        26.92746
335.2409        25.93015
332.4986         27.2599
329.7563        25.93015
337.9832        28.25721
353.0659        26.59502
351.6947        25.59771
355.8082        27.59233
365.4063        28.25721
357.1793        27.92477
364.0351         29.9194
362.6639        27.92477
358.5505        29.25452
350.3236        26.59502
 344.839        25.26527
350.3236        25.93015
358.5505        26.59502
364.0351        24.93283
353.0659        26.26258
353.0659        27.92477
357.1793        26.92746
361.2928        25.59771
365.4063        27.92477
368.1486        24.60039
359.9216        24.60039
359.9216        26.26258
379.1178         27.2599
381.8601        27.92477
375.0043        29.58696
359.9216        28.25721
361.2928        30.25184
369.5197        28.25721
 372.262        24.93283
370.8909        25.26527
369.5197         27.2599
361.2928        24.93283
366.7774        26.59502
362.6639        26.26258
373.6332        24.60039
377.7466        25.93015
376.3755        25.59771
376.3755        26.26258
370.8909        28.58965
365.4063        27.92477
353.0659        27.59233
355.8082        26.26258
365.4063        26.26258
364.0351        26.59502
351.6947        32.24646
347.5813        30.25184
337.9832         32.5789
325.6428        30.91671
332.4986        30.58427
314.6736        31.24915
298.3055        30.25184
296.0374         32.5789
279.0269        28.58965
273.3568         27.2599
279.0269        28.92209
262.0164        28.58965
238.2017        28.92209
218.9231         29.9194
218.9231        26.26258
207.5828        25.93015
196.2701        25.93015
190.6636        25.26527
168.2373        25.26527
155.9028        22.27333
143.5683        23.27064
136.8404        21.60845
133.4765        22.60577
120.0207         20.2787
111.0502         20.2787
98.71571        18.94895
94.46038        18.61651
81.69442        18.94895
76.37526        16.95433
67.86462        15.62457
58.29014        16.62189
51.90716        17.28676
43.39651        13.96239
 35.9497        14.62726
30.63055        15.29214
 22.1199        11.96776
11.48159        11.30288
 7.22627        10.97045
       0        9.973133
       0        0.664876
       0               0
       0               0
       0        1.329751
14.67309        0.997313
23.18373        1.329751
29.56671        0.997313
 35.9497        1.329751
42.33268        1.329751
44.46034        1.329751
50.84333        1.662189
 60.4178        1.662189
71.05611        1.329751
92.33272        1.329751
107.6862        1.994627
123.3846        2.327064
 142.447        2.659502
154.7815        2.659502
167.1159        2.659502
180.5717        3.324378
183.9357        3.989253
190.6636        4.654129
195.1488        4.986566
195.1488        5.651442
192.9062        5.319004
198.5128         5.98388
194.0275        6.648755
192.9062        6.981193
194.0275        7.646068
195.1488        7.646068
199.6445        7.978506
205.3147        8.643382
207.5828        8.975819
209.8508        9.640695
222.3252        10.63801
227.9954        11.30288
231.3975        11.96776
235.9336         12.3002
233.6655        12.63264
232.5315        13.62995
238.2017        14.62726
242.7378         14.9597
242.7378        15.29214
243.8719        15.95701
241.6038        15.62457
240.4698        16.62189
240.4698        17.28676
241.6038        17.28676
243.8719        18.28408
256.3462        19.94627
259.7483        20.94358
255.2122        18.94895
255.2122        18.61651
256.3462        17.95164
256.3462        18.28408
262.0164        18.94895
262.0164        20.61114
266.5525        21.60845
272.2227        22.27333
274.4908        21.60845
274.4908        19.28139
269.9547        19.28139
269.9547        18.94895
269.9547        20.94358
275.6248        21.94089
288.0992        22.93821
283.5631        21.94089
286.9652        22.93821
289.2332        22.60577
285.8311        21.60845
291.5013        20.94358
290.3673        21.27602
289.2332        22.27333
296.0374        24.60039
293.7694        23.60308
291.5013        22.93821
296.0374        22.60577
299.5909        24.26796
298.3055        24.93283
298.3055        24.93283
294.9034        23.60308
289.2332        20.94358
296.0374        24.26796
302.3332        23.93552
 309.189        24.60039
 309.189        24.93283
306.4467        24.60039
296.0374        24.60039
305.0755        24.93283
321.5294        25.93015
318.7871        23.93552
313.3024        23.27064
314.6736        26.26258
328.3851        26.59502
329.7563        23.27064
324.2717        25.93015
337.9832        27.92477
343.4678        26.59502
340.7255        26.59502
339.3544        28.25721
 336.612        27.92477
332.4986        27.59233
 336.612        27.92477
 336.612         27.2599
333.8697        28.25721
339.3544        25.59771
339.3544        26.26258
343.4678        26.26258
347.5813        26.59502
347.5813        27.59233
340.7255        27.59233
342.0967        27.59233
343.4678         27.2599
348.9524        27.92477
350.3236        27.59233
348.9524        28.58965
342.0967         27.2599
346.2101        26.59502
 354.437        26.59502
357.1793        26.92746
357.1793        27.59233
361.2928         27.2599
357.1793         27.2599
346.2101         27.2599
353.0659        30.25184
 372.262        29.25452
373.6332        28.25721
368.1486        29.58696
365.4063         29.9194
364.0351        29.25452
361.2928        28.58965
359.9216        27.92477
365.4063        29.58696
368.1486        27.59233
 372.262        28.92209
 372.262        27.92477
383.2312        29.25452
385.9735        28.92209
381.8601        31.91402
365.4063        30.25184
368.1486         29.9194
362.6639        29.25452
362.6639        28.25721
366.7774        29.58696
358.5505        30.58427
347.5813        28.58965
350.3236        31.24915
337.9832        29.25452
343.4678        30.91671
342.0967        30.91671
331.1274        29.25452
317.4159        29.58696
294.9034        32.24646
291.5013        30.91671
290.3673        29.25452
279.0269        30.91671
273.3568        27.59233
265.4185        29.58696
 249.542        30.58427
241.6038        30.58427
227.9954        26.92746
 214.387        26.92746
209.8508        25.93015
194.0275        26.92746
182.8144        26.26258
172.7225        25.93015
162.6307        23.27064
155.9028        23.27064
 145.811        22.27333
137.9617        20.94358
125.6273        21.94089
115.5354        20.94358
107.6862        19.94627
97.65188        19.28139
95.52422         17.6192
85.94974        17.28676
67.86462        17.28676
62.54546        17.28676
52.97099        15.95701
46.58801        15.62457
40.20502        14.29482
34.88587        13.29751
27.43905        11.96776
19.99224        11.96776
14.67309        11.30288
 6.16244        11.63532
4.034778        9.973133
       0        0.997313
       0               0
       0               0
       0        1.994627
5.098609        1.994627
16.80075        1.994627
24.24756        1.994627
29.56671        1.994627
34.88587        2.327064
40.20502        2.327064
45.52417        2.327064
51.90716        2.327064
62.54546        2.327064
79.56676        2.327064
94.46038        2.659502
113.2928         2.99194
128.9912         2.99194
143.5683        3.324378
160.3881        3.324378
171.6012        3.989253
178.3291        4.321691
 185.057        4.986566
191.7849        5.651442
191.7849         5.98388
190.6636        6.316317
191.7849        6.648755
186.1783        7.313631
186.1783        7.313631
187.2996        7.978506
189.5423        8.310944
195.1488        8.310944
199.6445        9.308257
204.1806        9.973133
209.8508        10.30557
217.7891        11.30288
223.4592        11.63532
230.2634        11.96776
230.2634        12.96507
229.1294        13.29751
231.3975        14.29482
241.6038        15.62457
242.7378        15.62457
240.4698        16.28945
238.2017        16.62189
239.3357        17.95164
235.9336        17.28676
241.6038        18.28408
237.0677        18.61651
238.2017        17.95164
245.0059        18.94895
 247.274        18.94895
 248.408        18.61651
258.6143        19.28139
259.7483        19.94627
264.2845        19.61383
266.5525         20.2787
266.5525        19.94627
274.4908        21.27602
279.0269        23.60308
279.0269        24.60039
283.5631        24.60039
284.6971        22.27333
271.0887        20.61114
267.6866        20.61114
271.0887        21.60845
275.6248        22.93821
276.7589        23.27064
283.5631        24.60039
284.6971        25.26527
284.6971        22.93821
284.6971        22.93821
 280.161        22.60577
 280.161        22.60577
288.0992        25.59771
292.6353        25.93015
 281.295        25.26527
296.0374        25.59771
293.7694        23.93552
286.9652        22.60577
288.0992        24.93283
290.3673        25.59771
288.0992        25.93015
296.0374        26.26258
291.5013        25.26527
290.3673        24.26796
291.5013        25.26527
298.3055        25.93015
302.3332        25.59771
303.7044        25.93015
311.9313        25.26527
313.3024        26.59502
316.0448        26.92746
318.7871        26.26258
321.5294        26.59502
339.3544        27.59233
339.3544        26.92746
 336.612        26.92746
347.5813        27.59233
351.6947        27.59233
 354.437        26.92746
357.1793         27.2599
357.1793        27.59233
362.6639        29.58696
366.7774        29.25452
358.5505        27.59233
357.1793        27.92477
362.6639        28.92209
369.5197        29.58696
368.1486        28.25721
364.0351         27.2599
355.8082        28.58965
351.6947        26.92746
361.2928         27.2599
361.2928        29.25452
368.1486        28.58965
376.3755        28.25721
369.5197        27.59233
370.8909        27.92477
375.0043        28.92209
376.3755         29.9194
379.1178        30.25184
377.7466        29.25452
376.3755         29.9194
 372.262        28.58965
377.7466        28.58965
381.8601        28.58965
391.4582        27.92477
388.7159        27.59233
 372.262        28.58965
373.6332        29.58696
388.7159        29.58696
387.3447        29.25452
391.4582        29.25452
384.6024        29.25452
368.1486        28.92209
370.8909        28.25721
370.8909        28.92209
379.1178        28.92209
388.7159        29.25452
388.7159        28.92209
377.7466        30.25184
365.4063         29.9194
366.7774        31.24915
366.7774        28.58965
366.7774        26.92746
 354.437        28.92209
355.8082        31.91402
351.6947        31.58159
 354.437        30.91671
340.7255        31.58159
337.9832        30.58427
328.3851        34.24109
306.4467        34.24109
293.7694        34.57353
 280.161        31.58159
 282.429        28.92209
276.7589         29.9194
254.0782        31.58159
235.9336        33.90865
220.0571        33.57621
207.5828        28.92209
 185.057        30.58427
191.7849        26.59502
 185.057         27.2599
 163.752        24.60039
154.7815        27.59233
149.1749        26.59502
 145.811        25.26527
132.3552        27.59233
133.4765        26.59502
 121.142        25.59771
107.6862        26.26258
104.3223        25.26527
98.71571        22.93821
92.33272        19.94627
81.69442         17.6192
72.11994        19.28139
65.73696        19.61383
 60.4178        16.28945
48.71567        16.28945
43.39651        15.95701
38.07736        14.62726
24.24756        15.29214
18.92841        15.62457
9.353932        15.95701
-0.22054        13.62995
       0        1.994627
       0               0
       0               0
       0        1.662189
-1.28438        1.662189
12.54542        1.662189
19.99224        1.662189
27.43905        1.329751
37.01353        1.329751
42.33268        1.994627
47.65184        1.994627
 60.4178        1.994627
71.05611        1.994627
84.88591        1.994627
104.3223        1.994627
117.7781        2.327064
134.5978        2.659502
146.9323        3.324378
155.9028        3.324378
167.1159        3.656815
173.8438        3.989253
180.5717        4.986566
183.9357        5.319004
186.1783        5.651442
189.5423        6.316317
188.4209        6.316317
192.9062        6.648755
189.5423        6.648755
188.4209        7.646068
191.7849        7.978506
191.7849        7.978506
197.3915        8.975819
204.1806        9.640695
210.9849        10.63801
 214.387        10.63801
221.1912        11.63532
226.8613        12.63264
227.9954        12.63264
229.1294        12.96507
226.8613        13.62995
227.9954        14.29482
237.0677        16.28945
230.2634        15.29214
227.9954        15.29214
224.5933        15.62457
229.1294        15.95701
232.5315        16.95433
237.0677        16.62189
233.6655         17.6192
235.9336        17.95164
245.0059         20.2787
260.8824        21.60845
262.0164        20.94358
264.2845        18.94895
265.4185        19.28139
269.9547        19.94627
274.4908        19.61383
267.6866        20.61114
275.6248        22.27333
277.8929        23.60308
276.7589        22.60577
279.0269        20.94358
283.5631        21.27602
284.6971        19.94627
 282.429        22.27333
293.7694        23.60308
291.5013        23.27064
293.7694        24.93283
293.7694        25.59771
293.7694        23.93552
286.9652        22.93821
292.6353        24.26796
298.3055        24.26796
292.6353        23.60308
294.9034        25.59771
297.1715        26.92746
296.0374         27.2599
298.3055        24.60039
299.5909        23.93552
298.3055        23.93552
297.1715        25.26527
293.7694        25.93015
289.2332        24.26796
297.1715        24.60039
307.8178        25.59771
310.5601        25.93015
316.0448        25.26527
311.9313        25.26527
305.0755        23.60308
316.0448        26.26258
320.1582        25.93015
332.4986        26.59502
343.4678        24.93283
332.4986        26.26258
317.4159        25.26527
337.9832        28.25721
346.2101         27.2599
337.9832        26.26258
343.4678        28.58965
347.5813        28.58965
342.0967        27.59233
340.7255        26.59502
351.6947        27.59233
361.2928         27.2599
359.9216        26.59502
 354.437        27.59233
361.2928        27.92477
368.1486         27.2599
364.0351        26.92746
355.8082        26.92746
359.9216        28.92209
369.5197        28.92209
359.9216         27.2599
357.1793        27.59233
365.4063        27.92477
357.1793        28.92209
368.1486        29.58696
370.8909        27.92477
359.9216        27.59233
359.9216        29.58696
366.7774        28.58965
365.4063        25.26527
376.3755        27.92477
373.6332        27.59233
369.5197        30.25184
 372.262        28.58965
381.8601        27.92477
379.1178        25.93015
380.4889        29.25452
387.3447        29.58696
377.7466        28.92209
381.8601         27.2599
381.8601        26.92746
380.4889        26.26258
383.2312        30.25184
380.4889         29.9194
380.4889        29.58696
373.6332        29.25452
 372.262        27.59233
381.8601        29.58696
394.2005        29.58696
380.4889        29.58696
365.4063        28.58965
 372.262        26.92746
362.6639        28.25721
376.3755        27.92477
380.4889        28.92209
373.6332        29.25452
358.5505        30.91671
335.2409        31.24915
343.4678        30.25184
329.7563         32.5789
325.6428        30.25184
321.5294        30.25184
299.5909        30.25184
293.7694        28.58965
284.6971        31.91402
277.8929        30.25184
279.0269        29.25452
254.0782        29.58696
241.6038        28.92209
234.7996        30.58427
223.4592        27.59233
217.7891        28.58965
200.7785        26.26258
200.7785        25.93015
182.8144        25.93015
174.9652        24.26796
168.2373        26.92746
157.0241        23.27064
150.2962        22.60577
135.7191        21.94089
126.7486        23.27064
113.2928        22.60577
108.8075        21.27602
99.83703        19.94627
92.33272        17.95164
78.50292        18.94895
68.92845        17.95164
 63.6093         17.6192
54.03482        16.28945
46.58801        16.62189
39.14119        15.62457
28.50288        16.28945
17.86458        11.96776
9.353932        10.97045
-1.28438        10.63801
       0        1.662189
       0               0
       0               0
       0        0.997313
 7.22627        0.997313
16.80075        0.997313
19.99224        0.997313
24.24756        0.997313
31.69438        0.664876
39.14119        0.997313
45.52417        1.329751
61.48163        1.329751
75.31143        1.329751
93.39655        1.329751
112.1715        1.662189
128.9912        1.994627
144.6896        2.327064
158.1454        2.659502
168.2373         2.99194
180.5717        3.324378
182.8144        3.989253
 181.693        4.654129
182.8144        4.986566
 185.057        5.651442
180.5717        5.651442
182.8144         5.98388
187.2996         5.98388
 185.057        6.981193
186.1783        7.313631
187.2996        7.978506
190.6636        7.978506
198.5128        8.643382
205.3147        9.640695
208.7168        9.973133
 214.387        10.97045
220.0571        11.63532
222.3252        12.63264
217.7891        11.96776
218.9231        13.29751
223.4592        13.29751
223.4592        13.96239
225.7273        14.62726
222.3252         14.9597
222.3252         14.9597
221.1912         14.9597
227.9954         17.6192
232.5315         17.6192
231.3975        18.61651
240.4698        18.94895
 248.408        18.94895
257.4803        19.28139
256.3462        17.95164
256.3462        19.28139
262.0164         20.2787
267.6866        21.27602
275.6248        20.94358
 280.161        21.94089
275.6248        21.94089
276.7589        21.60845
276.7589        21.94089
279.0269        21.94089
276.7589        21.60845
 282.429        23.27064
279.0269        23.60308
 280.161        23.60308
288.0992        25.93015
292.6353        26.26258
288.0992        23.60308
292.6353        23.93552
293.7694        24.26796
293.7694        24.93283
296.0374        24.93283
292.6353        24.60039
291.5013        22.60577
292.6353        25.59771
305.0755        25.93015
316.0448        26.26258
317.4159        24.93283
318.7871        26.92746
317.4159        25.93015
310.5601        24.93283
307.8178        26.26258
305.0755        25.59771
313.3024        25.26527
307.8178        24.93283
305.0755        25.59771
316.0448        26.26258
 309.189        24.93283
311.9313        25.26527
324.2717        25.59771
 327.014         27.2599
339.3544        28.25721
 344.839        26.59502
333.8697        26.26258
333.8697        26.59502
 344.839        26.26258
 354.437        25.59771
355.8082        26.26258
357.1793         27.2599
359.9216        27.59233
368.1486        27.92477
376.3755        27.59233
381.8601         27.2599
380.4889         27.2599
373.6332        26.59502
359.9216        26.92746
365.4063        28.58965
377.7466        28.92209
376.3755        24.93283
370.8909         27.2599
370.8909         27.2599
369.5197         27.2599
366.7774        28.92209
366.7774        28.92209
368.1486        28.92209
362.6639        27.92477
361.2928        28.25721
369.5197        28.25721
369.5197        27.92477
370.8909        28.92209
384.6024        28.92209
383.2312        24.93283
381.8601        27.92477
381.8601        29.58696
385.9735        30.91671
394.2005        30.25184
398.3139        29.58696
401.1462         29.9194
398.3139        28.58965
391.4582        28.58965
 372.262        28.92209
381.8601         29.9194
384.6024        29.58696
385.9735        27.59233
391.4582        27.59233
388.7159         27.2599
385.9735        29.25452
395.5716        29.25452
384.6024         29.9194
391.4582        28.25721
399.7223        30.91671
387.3447         32.5789
384.6024         29.9194
373.6332        31.24915
366.7774        28.58965
381.8601        28.92209
379.1178        29.25452
366.7774        29.25452
348.9524         32.5789
347.5813        30.58427
347.5813        31.91402
333.8697        31.24915
335.2409         32.5789
322.9005        31.24915
297.1715        34.90596
 282.429        33.57621
284.6971        32.24646
275.6248        28.58965
266.5525        31.24915
255.2122        32.24646
245.0059        31.58159
229.1294        32.24646
221.1912        30.91671
 214.387         27.2599
203.0466        26.26258
189.5423        25.59771
174.9652        27.59233
165.9946        26.26258
158.1454        24.60039
146.9323        23.93552
137.9617        24.60039
127.8699        23.93552
116.6568        22.60577
108.8075        22.60577
100.9583        19.61383
93.39655         17.6192
85.94974        16.95433
78.50292        16.28945
68.92845        16.28945
61.48163         14.9597
54.03482        13.96239
48.71567        13.62995
41.26885        12.96507
33.82204        11.63532
24.24756        10.97045
16.80075        10.30557
10.41776        9.308257
 6.16244        8.643382
1.907117        8.310944
       0        7.646068
       0        1.329751
       0               0
       0               0
       0        0.997313
 6.16244        0.997313
11.48159        1.329751
17.86458        1.329751
26.37522        0.997313
31.69438        0.997313
41.26885        0.997313
50.84333        1.329751
64.67313        1.329751
80.63059        1.662189
93.39655        1.662189
113.2928        1.662189
128.9912        1.994627
 142.447        1.994627
153.6602         2.99194
162.6307         2.99194
169.3586        3.656815
176.0865        3.989253
 181.693        4.321691
182.8144        4.986566
178.3291        5.319004
177.2078         5.98388
179.4504         5.98388
179.4504         5.98388
 185.057        6.981193
180.5717        6.981193
 185.057        7.978506
 185.057        8.310944
192.9062        8.643382
200.7785        9.640695
208.7168        9.973133
207.5828        10.63801
212.1189        11.30288
217.7891         12.3002
223.4592         12.3002
221.1912        11.96776
221.1912         12.3002
227.9954        15.62457
234.7996        15.95701
233.6655        15.95701
232.5315        16.28945
232.5315        16.28945
232.5315        16.95433
226.8613        15.29214
226.8613        15.95701
229.1294        16.28945
238.2017        18.61651
241.6038         17.6192
 248.408        18.94895
254.0782         20.2787
260.8824        22.93821
268.8206        23.27064
276.7589        22.93821
273.3568        21.94089
273.3568        21.94089
279.0269        21.27602
277.8929        21.94089
 281.295        23.93552
284.6971        24.26796
286.9652        24.93283
292.6353        24.26796
288.0992        24.93283
292.6353        24.26796
292.6353        23.60308
300.9621        26.26258
303.7044         27.2599
303.7044        25.93015
302.3332        26.26258
294.9034        25.93015
293.7694        27.59233
299.5909        26.59502
299.5909        24.60039
303.7044        25.93015
306.4467        26.59502
302.3332        25.93015
299.5909        25.93015
294.9034        25.59771
293.7694        25.26527
294.9034        26.59502
294.9034        25.59771
290.3673        25.26527
300.9621         27.2599
311.9313        25.93015
316.0448        24.26796
 309.189        24.93283
310.5601        25.59771
320.1582        26.26258
320.1582        26.59502
314.6736        25.93015
316.0448        26.59502
320.1582        26.59502
333.8697        26.59502
340.7255        25.26527
339.3544        26.59502
347.5813        27.92477
355.8082        28.92209
357.1793        27.92477
 354.437         27.2599
353.0659        26.26258
 344.839         27.2599
353.0659        26.92746
364.0351        26.92746
361.2928        25.59771
369.5197        26.59502
373.6332        26.92746
368.1486        27.59233
370.8909        28.58965
359.9216        30.58427
358.5505        26.92746
359.9216        28.25721
358.5505        24.93283
366.7774        26.92746
366.7774        26.92746
373.6332        28.25721
370.8909        28.92209
373.6332        26.92746
385.9735        28.58965
 390.087        28.25721
395.5716        29.25452
392.8293         27.2599
387.3447         29.9194
387.3447        29.58696
394.2005        29.58696
398.3139        26.92746
396.9428        27.92477
405.4177        28.92209
409.6893        30.58427
403.9939        28.58965
396.9428        28.92209
394.2005        28.92209
398.3139        28.25721
399.7223        28.58965
395.5716        29.58696
388.7159         29.9194
381.8601        28.92209
387.3447        27.92477
387.3447        26.59502
399.7223        26.59502
394.2005        27.92477
388.7159        28.25721
381.8601        29.58696
388.7159        28.92209
380.4889        29.25452
384.6024        27.92477
387.3447        29.25452
373.6332        29.58696
359.9216        31.58159
 354.437        30.91671
351.6947        28.58965
337.9832        29.58696
333.8697        28.92209
317.4159        30.58427
299.5909        30.58427
 282.429        29.25452
279.0269        28.25721
276.7589        26.92746
258.6143        28.25721
 248.408         27.2599
238.2017        28.92209
229.1294        27.59233
222.3252         27.2599
208.7168        26.92746
201.9126        25.59771
189.5423        24.60039
176.0865        24.26796
 163.752        24.26796
155.9028        23.93552
153.6602        22.27333
140.2044        21.60845
130.1125        20.61114
117.7781         20.2787
108.8075        19.28139
100.9583        19.28139
92.33272        18.28408
87.01357        16.62189
77.43909        15.29214
67.86462        15.62457
58.29014         14.9597
 49.7795        13.96239
41.26885        13.29751
34.88587        12.96507
25.31139        10.63801
18.92841        10.97045
9.353932        10.97045
0.843286        9.973133
       0        9.308257
       0        1.662189
       0               0
       0               0
       0        1.329751
8.290101        1.329751
15.73692        1.329751
23.18373        0.997313
31.69438        0.997313
41.26885        1.329751
44.46034        1.662189
51.90716        1.662189
61.48163        1.662189
68.92845        1.662189
 88.0774        1.662189
99.83703        1.994627
114.4141        2.327064
132.3552        2.659502
 145.811        2.659502
162.6307        2.659502
174.9652        3.324378
180.5717        3.989253
188.4209        4.321691
188.4209        5.319004
186.1783        5.319004
188.4209        5.651442
190.6636         5.98388
189.5423        6.316317
191.7849        6.981193
188.4209        7.313631
188.4209        7.646068
192.9062        8.310944
196.2701        8.643382
201.9126        9.308257
206.4487        10.30557
210.9849        10.30557
 216.655        11.30288
223.4592        11.63532
227.9954         12.3002
229.1294        13.96239
237.0677        13.96239
240.4698        15.29214
235.9336         14.9597
240.4698        15.95701
245.0059        17.28676
245.0059        17.28676
237.0677        17.28676
234.7996        17.28676
241.6038        17.95164
 249.542        18.61651
255.2122        16.28945
252.9441         17.6192
258.6143        18.94895
267.6866        21.27602
 281.295        23.27064
288.0992        23.93552
292.6353        25.93015
303.7044        24.60039
306.4467        24.93283
305.0755        23.93552
303.7044        25.59771
306.4467        24.93283
318.7871        25.93015
324.2717        26.26258
316.0448        25.93015
313.3024         27.2599
321.5294        28.25721
329.7563        28.25721
331.1274         27.2599
340.7255         27.2599
343.4678        26.92746
339.3544        27.92477
346.2101        27.59233
342.0967        27.59233
 336.612        27.59233
350.3236        28.92209
346.2101        26.59502
339.3544        26.59502
 344.839        27.92477
355.8082        28.25721
365.4063        27.59233
365.4063        27.92477
364.0351        26.92746
353.0659        28.25721
366.7774         29.9194
376.3755        29.58696
377.7466        28.58965
380.4889        27.59233
377.7466        29.58696
379.1178        28.92209
384.6024        29.25452
385.9735        28.58965
 390.087        29.25452
403.9939        29.25452
398.3139        28.25721
395.5716        28.92209
409.6893        30.91671
406.8416         29.9194
406.8416        30.25184
409.6893         29.9194
406.8416        29.25452
 412.537        28.92209
395.5716        28.92209
399.7223        30.91671
406.8416        30.91671
405.4177        28.92209
398.3139        29.25452
406.8416        30.25184
418.2324        28.58965
 422.504        28.92209
432.4709        30.25184
436.7425        30.91671
428.1994        30.91671
416.8085        31.24915
403.9939        31.91402
 412.537         32.5789
423.9278         29.9194
423.9278        28.25721
418.2324        28.92209
419.6563        30.91671
429.6232        29.58696
431.0471        29.25452
435.3186        29.58696
439.5902        32.24646
432.4709        33.24378
419.6563        31.91402
416.8085        30.91671
426.7755        30.58427
431.0471        29.25452
431.0471        28.92209
429.6232        31.91402
428.1994        32.24646
436.7425         32.5789
429.6232        31.24915
423.9278        30.91671
431.0471        31.58159
436.7425         29.9194
423.9278        28.25721
416.8085        31.58159
426.7755        32.24646
435.3186        30.58427
421.0801        30.58427
 412.537        29.58696
  402.57        31.24915
409.6893        30.25184
421.0801        29.58696
411.1131        29.25452
411.1131        31.24915
401.1462         29.9194
365.4063        31.24915
 372.262        33.57621
381.8601        29.58696
 372.262        29.58696
364.0351        30.58427
 354.437        34.57353
333.8697        31.91402
298.3055        35.57084
311.9313        31.58159
325.6428        28.25721
289.2332        30.25184
275.6248        32.91134
 282.429        34.90596
260.8824        30.25184
 249.542         29.9194
243.8719        27.92477
225.7273        29.58696
218.9231        29.25452
207.5828        30.25184
198.5128        27.92477
188.4209        27.92477
177.2078        26.59502
167.1159        25.93015
157.0241        24.26796
152.5388        23.27064
139.0831        24.60039
131.2339        24.26796
 124.506        22.60577
115.5354        21.94089
104.3223        18.94895
97.65188        17.95164
90.20506         17.6192
82.75825        17.28676
 74.2476        15.62457
64.67313         14.9597
52.97099         14.9597
42.33268        15.29214
31.69438        12.96507
25.31139        13.29751
19.99224        12.63264
12.54542         12.3002
1.907117        11.63532
-1.28438        11.63532
       0        1.329751
       0               0
       0               0
       0        1.662189
-0.22054        1.662189
11.48159        1.662189
16.80075        1.994627
24.24756        1.994627
32.75821        1.662189
38.07736        1.662189
46.58801        1.994627
57.22631        1.994627
66.80079        2.327064
79.56676        2.327064
92.33272        2.659502
105.4436        2.659502
127.8699        2.659502
137.9617         2.99194
151.4175        3.656815
161.5094        3.989253
169.3586        4.321691
178.3291        4.654129
186.1783        4.986566
 185.057        5.651442
 185.057        6.648755
182.8144        6.316317
186.1783        6.648755
186.1783        6.981193
 185.057        7.646068
 181.693        7.646068
186.1783        8.643382
191.7849        9.640695
192.9062        9.308257
199.6445        10.30557
209.8508        10.63801
210.9849        11.63532
218.9231        12.63264
221.1912        12.96507
227.9954        13.96239
229.1294        14.29482
229.1294        14.29482
232.5315        15.29214
233.6655        15.62457
233.6655        16.62189
240.4698        16.95433
243.8719        16.62189
245.0059         17.6192
235.9336        17.28676
245.0059        19.61383
251.8101        19.61383
257.4803        19.61383
266.5525         20.2787
274.4908        22.27333
286.9652        22.60577
284.6971        23.60308
298.3055        24.93283
314.6736        25.93015
316.0448        25.26527
313.3024        26.92746
313.3024        27.59233
322.9005        28.58965
331.1274        28.25721
335.2409        28.58965
328.3851        29.25452
331.1274        30.58427
335.2409        29.58696
343.4678        29.58696
347.5813        28.58965
 354.437        27.92477
351.6947        29.25452
355.8082        28.92209
365.4063         29.9194
357.1793        28.92209
357.1793        29.25452
368.1486        30.91671
373.6332        29.25452
366.7774        30.58427
370.8909        29.25452
373.6332        28.92209
373.6332        29.25452
377.7466         29.9194
381.8601        30.91671
377.7466        30.91671
381.8601         29.9194
388.7159        30.25184
388.7159         29.9194
398.3139        30.25184
406.8416        30.25184
411.1131         29.9194
399.7223        29.58696
392.8293        30.91671
396.9428        31.58159
403.9939        31.24915
403.9939         32.5789
409.6893        30.25184
419.6563        30.91671
426.7755        29.25452
428.1994        29.58696
439.5902        31.58159
449.5571        33.24378
439.5902        33.90865
431.0471        33.90865
435.3186        33.24378
428.1994        31.91402
429.6232        32.24646
428.1994         32.5789
423.9278        31.91402
428.1994        33.57621
428.1994        31.58159
432.4709         29.9194
436.7425        30.91671
436.7425        33.57621
442.4379         32.5789
435.3186        34.57353
418.2324        33.57621
426.7755        33.24378
432.4709         32.5789
431.0471        32.24646
431.0471        31.91402
 441.014         32.5789
436.7425         32.5789
 441.014        30.91671
443.8617        32.91134
448.1333        34.24109
453.8287        33.90865
456.6764        31.91402
449.5571        33.24378
456.6764        33.90865
468.0672        34.90596
468.0672        32.24646
456.6764        35.57084
456.6764         37.8979
 450.981        32.91134
442.4379        31.58159
445.2856        31.58159
453.8287        33.90865
459.5241        32.91134
460.9479        31.58159
463.7956        31.24915
466.6433        31.24915
459.5241        34.57353
455.2525        34.57353
459.5241        33.90865
463.7956        31.91402
443.8617        30.58427
438.1663         32.5789
436.7425        35.90328
432.4709         37.8979
435.3186        37.56547
413.9608        34.57353
403.9939        33.24378
406.8416        31.91402
399.7223        32.91134
 390.087         35.2384
373.6332        36.23572
366.7774        34.57353
361.2928        33.90865
347.5813        33.57621
328.3851        33.24378
313.3024        34.57353
299.5909        33.57621
291.5013        31.91402
286.9652        31.91402
275.6248        32.91134
272.2227        33.90865
265.4185        34.24109
258.6143        28.58965
245.0059        29.58696
232.5315         29.9194
229.1294         29.9194
 216.655        31.58159
204.1806        28.58965
199.6445        26.26258
187.2996        26.26258
171.6012        27.92477
161.5094        25.26527
155.9028        23.60308
144.6896        21.60845
133.4765        20.61114
123.3846        20.61114
113.2928        20.61114
99.83703        18.94895
 88.0774        19.28139
76.37526        19.28139
65.73696        16.95433
59.35397        15.62457
 49.7795        14.62726
42.33268        13.96239
33.82204        13.29751
21.05607        12.96507
15.73692        13.62995
 6.16244        13.96239
       0        12.96507
       0        2.327064
       0               0
       0               0
       0        1.994627
1.907117        1.994627
13.60925        1.994627
19.99224        1.662189
28.50288        1.994627
34.88587        1.994627
38.07736        2.327064
47.65184        2.327064
57.22631        2.327064
64.67313        2.327064
81.69442        2.327064
93.39655        2.659502
107.6862        2.659502
126.7486         2.99194
140.2044        3.324378
153.6602        3.656815
169.3586        3.989253
173.8438        4.321691
179.4504        4.986566
 181.693        5.651442
183.9357         5.98388
183.9357         5.98388
186.1783        6.648755
 185.057        6.648755
186.1783        7.978506
183.9357        7.646068
182.8144        8.310944
 185.057        8.643382
189.5423        9.308257
197.3915        9.640695
205.3147        10.30557
209.8508        10.97045
 216.655        11.63532
221.1912        11.96776
222.3252         12.3002
229.1294        13.62995
235.9336        15.29214
239.3357        15.29214
241.6038        16.95433
242.7378        16.28945
241.6038        16.95433
234.7996        17.95164
232.5315        17.28676
234.7996         17.6192
235.9336        17.28676
237.0677        18.61651
250.6761        19.28139
256.3462        19.94627
257.4803        19.28139
275.6248        21.94089
 282.429        21.94089
288.0992        23.60308
300.9621        22.60577
299.5909        24.93283
303.7044        26.59502
307.8178        27.59233
306.4467        27.92477
316.0448         29.9194
 327.014        27.92477
331.1274        27.59233
324.2717        27.59233
320.1582        28.58965
328.3851         29.9194
339.3544        29.25452
337.9832        28.92209
 336.612        28.25721
340.7255        29.58696
347.5813        29.58696
358.5505        28.25721
357.1793        29.58696
364.0351         29.9194
369.5197        28.92209
362.6639        28.25721
361.2928        30.91671
 372.262        30.58427
 372.262        29.58696
368.1486        30.25184
373.6332        30.58427
387.3447        30.58427
394.2005        28.92209
403.9939        27.92477
395.5716        29.25452
 390.087        32.91134
399.7223        31.58159
399.7223        29.25452
387.3447        28.92209
394.2005        33.24378
411.1131         32.5789
416.8085        29.58696
421.0801        31.24915
418.2324         32.5789
  402.57        30.91671
415.3847        33.90865
411.1131        32.91134
418.2324        30.58427
411.1131        30.58427
411.1131         29.9194
 422.504        31.58159
432.4709        30.58427
432.4709        31.91402
436.7425        31.58159
431.0471        32.24646
421.0801        31.91402
418.2324        31.24915
425.3517        31.24915
433.8948        30.91671
439.5902        32.24646
436.7425        31.58159
428.1994        31.91402
428.1994        32.24646
429.6232        31.58159
421.0801        33.57621
439.5902         32.5789
442.4379        30.25184
433.8948        30.91671
433.8948        33.90865
438.1663        34.90596
448.1333        34.57353
449.5571        32.91134
449.5571        30.58427
 441.014        30.58427
438.1663        32.91134
443.8617        34.90596
446.7094        34.24109
439.5902        32.91134
443.8617         32.5789
448.1333         32.5789
453.8287        31.91402
 450.981        35.57084
460.9479        34.90596
459.5241        32.24646
445.2856         32.5789
445.2856        32.24646
452.4048         32.5789
442.4379         32.5789
448.1333        31.91402
449.5571        30.25184
429.6232        33.57621
431.0471        32.91134
445.2856         32.5789
443.8617        29.25452
448.1333        33.57621
449.5571        32.91134
449.5571        34.24109
431.0471        33.24378
405.4177         35.2384
405.4177        33.24378
394.2005        35.57084
388.7159        33.24378
391.4582         35.2384
379.1178        31.91402
379.1178        32.24646
369.5197        34.24109
359.9216        36.90059
339.3544        38.23034
329.7563        33.90865
316.0448        32.91134
298.3055        31.91402
289.2332        33.24378
285.8311        33.57621
 282.429        28.58965
264.2845        28.92209
245.0059        30.91671
243.8719        29.58696
235.9336        26.59502
222.3252        28.58965
209.8508        27.92477
204.1806        26.92746
196.2701        26.26258
 181.693        25.93015
170.4799         27.2599
160.3881        25.26527
157.0241        21.94089
144.6896        21.27602
134.5978        21.60845
127.8699        21.60845
120.0207        20.94358
104.3223        20.61114
94.46038        18.94895
84.88591        16.95433
72.11994        16.62189
59.35397        15.95701
48.71567        15.62457
39.14119         14.9597
33.82204        14.62726
 22.1199        14.62726
12.54542        12.96507
5.098609        11.96776
       0         12.3002
       0        1.994627
       0               0
       0               0
       0        1.994627
5.098609        1.329751
14.67309        1.662189
23.18373        1.662189
28.50288        1.994627
31.69438        1.994627
37.01353        1.994627
44.46034        2.327064
52.97099        1.994627
65.73696        1.662189
82.75825        2.327064
93.39655        2.659502
114.4141        2.659502
130.1125         2.99194
 145.811         2.99194
159.2667        3.324378
170.4799        3.989253
176.0865        4.654129
182.8144        4.986566
183.9357        5.319004
 185.057        5.651442
187.2996        6.316317
 185.057        6.316317
182.8144        6.981193
178.3291        6.981193
180.5717        7.646068
 181.693        7.646068
 181.693        8.310944
187.2996        9.308257
194.0275        8.975819
199.6445        10.30557
207.5828        10.63801
 214.387        10.97045
217.7891        11.30288
226.8613        12.96507
234.7996        14.29482
237.0677        15.29214
239.3357        16.28945
237.0677        16.28945
235.9336        15.95701
235.9336        16.95433
234.7996        17.95164
231.3975        18.28408
220.0571        16.28945
231.3975        17.95164
242.7378        18.61651
239.3357        18.28408
 248.408        18.94895
251.8101        19.94627
262.0164         20.2787
269.9547        19.94627
285.8311        22.93821
294.9034        23.93552
296.0374        25.26527
298.3055        26.26258
298.3055         27.2599
302.3332        27.92477
303.7044        28.92209
320.1582        26.92746
318.7871        27.92477
332.4986         27.2599
331.1274        29.25452
331.1274        30.25184
332.4986         29.9194
339.3544        30.58427
342.0967        28.92209
339.3544         29.9194
351.6947        30.91671
361.2928        30.58427
359.9216        29.25452
370.8909        29.58696
 372.262        27.92477
373.6332        29.25452
377.7466        30.25184
379.1178        30.91671
385.9735        31.24915
384.6024        29.58696
379.1178         29.9194
 372.262        30.25184
 390.087        31.91402
394.2005        30.91671
401.1462        30.25184
409.6893         29.9194
406.8416        30.25184
399.7223        33.57621
396.9428        32.24646
398.3139        31.91402
405.4177        30.91671
415.3847        30.25184
418.2324        29.58696
 422.504        30.25184
432.4709        30.58427
432.4709        34.57353
442.4379        34.90596
449.5571        33.90865
449.5571        31.91402
442.4379        32.91134
442.4379        33.90865
446.7094        33.90865
436.7425        30.58427
433.8948        33.57621
442.4379         32.5789
443.8617        30.25184
449.5571        31.58159
442.4379         32.5789
429.6232        31.58159
 422.504        34.24109
425.3517        33.57621
425.3517         29.9194
428.1994        31.24915
432.4709        30.91671
438.1663        31.91402
442.4379        32.91134
446.7094        31.58159
448.1333         32.5789
449.5571         32.5789
455.2525        32.91134
460.9479        32.91134
459.5241        31.58159
442.4379        34.24109
442.4379        34.24109
455.2525        34.57353
 450.981        30.58427
455.2525        33.57621
465.2195        33.57621
462.3718        34.24109
459.5241        34.24109
 469.491        33.90865
473.7626        33.24378
468.0672        33.24378
460.9479        33.24378
453.8287        35.57084
 450.981        33.90865
459.5241        32.24646
463.7956        31.24915
468.0672        33.24378
473.7626        33.24378
 479.458        34.57353
473.7626         32.5789
462.3718        31.91402
453.8287        33.57621
462.3718        35.90328
463.7956        31.91402
453.8287        34.24109
439.5902         32.5789
445.2856        33.24378
438.1663        32.91134
406.8416        35.90328
379.1178        38.56278
376.3755        38.56278
377.7466        32.24646
361.2928         32.5789
355.8082        32.91134
 344.839        36.90059
324.2717         35.2384
325.6428        36.56815
320.1582        33.24378
303.7044         35.2384
296.0374        34.90596
300.9621         32.5789
 281.295        30.58427
260.8824        31.58159
254.0782        33.24378
 249.542        29.58696
239.3357        31.24915
231.3975        28.58965
227.9954        29.25452
 214.387        28.92209
212.1189        28.25721
200.7785        27.92477
188.4209        26.92746
179.4504        24.93283
176.0865        23.27064
162.6307        22.93821
151.4175        22.60577
 142.447        21.60845
132.3552        20.94358
122.2633        20.61114
111.0502         20.2787
97.65188        19.94627
84.88591        17.95164
71.05611        16.95433
61.48163        16.28945
52.97099         14.9597
44.46034        14.62726
34.88587        13.96239
27.43905        13.29751
17.86458        12.63264
9.353932         12.3002
2.970948        11.63532
       0        11.30288
       0        1.994627
       0               0
       0               0
       0        1.994627
-1.28438        1.662189
15.73692        1.994627
 22.1199        1.994627
24.24756        2.327064
32.75821        2.327064
40.20502        2.327064
43.39651        1.994627
50.84333        1.994627
64.67313        2.327064
72.11994        2.327064
90.20506        2.659502
104.3223         2.99194
122.2633         2.99194
139.0831         2.99194
153.6602        3.324378
 163.752        3.989253
174.9652        4.654129
178.3291        4.986566
 185.057        5.319004
188.4209        5.651442
189.5423         5.98388
190.6636        6.648755
187.2996        6.981193
186.1783        6.648755
182.8144        7.313631
187.2996        8.310944
189.5423        8.643382
190.6636        9.308257
194.0275        9.973133
197.3915        9.973133
206.4487        10.97045
209.8508        10.97045
217.7891         12.3002
223.4592        12.96507
224.5933        13.29751
229.1294        13.96239
230.2634        13.62995
234.7996        13.96239
235.9336        15.62457
234.7996        17.28676
239.3357        17.28676
241.6038        17.28676
242.7378        19.28139
240.4698         17.6192
241.6038        16.95433
242.7378        18.28408
246.1399        18.61651
256.3462        21.27602
264.2845        21.60845
272.2227        20.61114
 280.161        21.27602
290.3673        23.93552
283.5631        23.93552
302.3332        27.92477
305.0755        26.92746
303.7044        26.92746
300.9621         27.2599
306.4467        29.25452
 309.189        29.25452
310.5601        29.25452
306.4467         29.9194
321.5294        30.91671
337.9832        28.92209
337.9832        27.59233
342.0967        27.92477
353.0659         29.9194
359.9216        30.91671
358.5505        30.58427
 354.437        30.91671
366.7774        31.24915
368.1486        27.59233
358.5505        28.92209
365.4063         29.9194
380.4889        30.91671
388.7159        28.25721
387.3447        30.25184
385.9735        30.25184
394.2005        32.24646
399.7223        31.91402
 412.537        29.25452
406.8416        30.91671
411.1131        31.58159
398.3139        32.24646
409.6893        32.24646
419.6563        31.24915
419.6563        30.91671
413.9608        30.91671
416.8085        32.91134
429.6232        31.58159
436.7425        31.24915
439.5902        33.24378
455.2525        32.91134
453.8287        31.91402
445.2856        33.90865
436.7425        33.57621
448.1333        33.24378
458.1002        31.91402
460.9479        31.91402
462.3718        33.24378
458.1002        34.90596
456.6764        34.24109
462.3718         32.5789
465.2195        31.91402
475.1864        33.57621
482.3057        33.57621
475.1864        32.91134
 450.981        32.91134
 450.981        34.90596
456.6764        33.90865
 450.981        31.24915
446.7094        33.57621
 450.981        33.24378
448.1333        33.24378
453.8287         32.5789
456.6764        33.24378
449.5571        34.57353
456.6764         35.2384
452.4048        35.57084
449.5571        33.24378
458.1002        33.57621
463.7956        34.57353
 479.458        34.24109
485.1534        32.91134
 479.458        35.90328
460.9479        33.90865
466.6433        36.23572
480.8818         35.2384
478.0341        33.57621
478.0341         35.2384
 479.458        34.57353
463.7956        32.91134
460.9479        33.24378
470.9149        34.24109
482.3057        33.90865
475.1864         32.5789
470.9149        33.57621
475.1864        33.90865
475.1864        31.91402
470.9149         35.2384
466.6433        34.90596
456.6764        35.57084
452.4048        33.24378
452.4048        31.91402
452.4048         32.5789
449.5571        35.57084
436.7425        37.23303
 412.537        36.56815
398.3139        37.56547
396.9428        31.91402
394.2005        33.24378
384.6024        33.24378
377.7466        36.23572
358.5505        34.57353
350.3236         35.2384
351.6947        31.91402
333.8697         32.5789
320.1582        35.57084
316.0448        35.90328
 309.189        31.24915
290.3673        30.58427
275.6248        32.91134
265.4185        32.91134
265.4185         29.9194
268.8206        27.92477
250.6761         27.2599
235.9336        29.25452
230.2634        28.92209
221.1912        27.92477
208.7168        26.92746
201.9126        26.92746
197.3915        24.60039
183.9357        23.93552
173.8438        23.93552
164.8733        23.27064
158.1454        23.93552
146.9323        23.93552
135.7191        21.27602
122.2633        21.94089
108.8075         20.2787
95.52422        19.61383
80.63059        18.28408
69.99228        18.61651
61.48163        17.95164
50.84333        14.62726
44.46034        13.96239
34.88587        12.96507
25.31139        12.96507
19.99224        12.63264
10.41776         12.3002
0.843286        11.30288
       0        10.63801
       0        1.994627
       0               0
       0               0
       0        1.994627
11.48159        1.994627
18.92841        1.994627
23.18373        2.327064
28.50288        2.327064
32.75821        1.994627
37.01353        1.994627
46.58801        1.994627
55.09865        2.327064
67.86462        2.327064
82.75825        2.659502
97.65188        2.659502
116.6568        2.659502
134.5978        2.659502
146.9323         2.99194
159.2667        3.989253
170.4799        4.321691
177.2078        4.654129
182.8144        5.319004
 185.057        5.319004
183.9357        5.651442
 185.057        6.648755
183.9357        6.981193
180.5717        6.648755
183.9357        7.313631
186.1783        7.646068
187.2996        7.978506
189.5423        8.643382
194.0275        9.308257
201.9126        9.973133
207.5828        10.30557
217.7891        10.63801
217.7891        11.96776
222.3252        12.96507
226.8613        14.29482
230.2634        13.96239
226.8613        13.62995
224.5933        13.29751
223.4592        14.62726
232.5315        16.28945
238.2017        17.95164
240.4698        18.28408
243.8719        17.28676
239.3357        15.29214
241.6038        15.95701
 247.274        16.62189
 249.542        19.28139
255.2122         20.2787
264.2845        22.27333
275.6248        21.60845
283.5631        22.27333
 282.429        22.93821
294.9034        24.26796
298.3055        25.26527
297.1715        24.93283
299.5909        26.26258
307.8178        29.58696
318.7871        29.58696
322.9005        29.58696
 327.014        28.25721
 327.014        29.58696
331.1274         29.9194
 336.612        30.25184
335.2409        28.58965
337.9832        30.58427
351.6947        32.24646
362.6639        31.58159
361.2928        28.25721
362.6639         29.9194
364.0351        30.91671
368.1486        30.58427
369.5197        30.58427
 372.262        31.24915
369.5197        31.91402
380.4889        30.58427
388.7159         29.9194
385.9735        29.58696
394.2005        30.25184
401.1462        30.25184
405.4177        32.24646
405.4177        32.24646
401.1462        30.91671
391.4582         29.9194
  402.57        32.91134
418.2324        31.58159
421.0801        30.25184
429.6232        30.91671
423.9278        33.24378
435.3186        32.91134
421.0801        32.91134
415.3847        31.91402
433.8948        32.24646
 441.014        30.58427
436.7425        31.58159
 450.981        33.57621
465.2195         32.5789
463.7956         32.5789
466.6433        33.90865
462.3718        34.24109
459.5241        34.24109
459.5241        32.91134
455.2525        32.91134
455.2525        33.24378
465.2195        34.90596
475.1864        32.24646
470.9149        32.24646
 469.491        32.91134
 469.491        34.90596
462.3718        35.57084
473.7626         35.2384
483.7295        31.58159
473.7626        33.24378
470.9149        33.57621
476.6103        34.57353
470.9149         37.8979
475.1864        37.23303
480.8818        34.57353
 469.491        32.24646
465.2195        34.57353
472.3387         35.2384
488.0011        35.90328
492.2727         35.2384
490.8488        34.24109
478.0341        34.24109
 479.458        34.90596
493.6965        38.23034
492.2727        35.90328
488.0011         35.2384
475.1864        34.90596
 479.458        34.24109
490.8488        31.58159
492.2727        33.57621
492.2727        33.57621
483.7295        34.90596
483.7295         35.2384
 489.425        34.90596
495.1204        31.58159
 489.425        33.90865
482.3057        34.24109
486.5773        34.24109
485.1534        31.91402
472.3387        33.90865
475.1864         35.2384
480.8818        36.56815
475.1864        34.24109
463.7956        36.56815
433.8948        35.57084
419.6563        37.56547
431.0471        32.91134
 422.504        33.57621
403.9939        33.90865
377.7466        36.90059
353.0659         37.8979
 344.839        35.90328
343.4678        30.25184
321.5294        33.90865
 309.189         32.5789
310.5601        33.90865
 309.189        30.58427
297.1715        30.25184
279.0269        31.91402
271.0887        31.91402
273.3568        29.58696
269.9547        27.92477
251.8101        28.25721
240.4698        29.25452
240.4698         27.2599
235.9336        25.93015
222.3252        26.59502
 214.387        25.93015
212.1189        24.93283
201.9126        23.93552
195.1488        23.27064
188.4209        23.60308
180.5717        22.60577
171.6012        22.27333
160.3881        20.94358
148.0536        21.27602
133.4765        20.61114
117.7781        19.61383
105.4436        18.94895
93.39655         17.6192
81.69442        17.28676
69.99228        16.62189
 60.4178        16.28945
45.52417        14.62726
38.07736        14.29482
32.75821        13.29751
25.31139         12.3002
18.92841        11.63532
13.60925        11.30288
5.098609        10.63801
-0.22054        10.30557
       0        9.640695
       0        1.662189
       0               0
       0               0
       0        1.994627
13.60925        1.662189
 22.1199        1.994627
25.31139        2.327064
30.63055        2.327064
33.82204        1.994627
39.14119        2.327064
51.90716        1.994627
64.67313        1.994627
77.43909        2.327064
94.46038        2.659502
107.6862        2.659502
123.3846         2.99194
141.3257         2.99194
151.4175        3.656815
161.5094        3.989253
169.3586        4.654129
172.7225        4.986566
180.5717        5.319004
182.8144        5.319004
180.5717        6.316317
180.5717        6.316317
180.5717        6.648755
182.8144        7.313631
 185.057        7.313631
186.1783        7.978506
189.5423        8.310944
194.0275        8.643382
196.2701        9.640695
204.1806        10.30557
210.9849        10.63801
217.7891        10.97045
224.5933        12.63264
231.3975         12.3002
227.9954        12.63264
232.5315        13.96239
238.2017        14.62726
241.6038        15.62457
 248.408        16.28945
242.7378        15.95701
241.6038        17.95164
251.8101        20.61114
250.6761         17.6192
252.9441        18.94895
258.6143        17.28676
254.0782        18.28408
254.0782        17.95164
262.0164         20.2787
275.6248        23.27064
283.5631        21.94089
297.1715        22.93821
300.9621        21.94089
320.1582        25.26527
322.9005        25.26527
317.4159        25.26527
321.5294        27.92477
335.2409        29.58696
346.2101        28.92209
337.9832        27.59233
337.9832        29.25452
355.8082        29.58696
366.7774        30.25184
 372.262        29.58696
 372.262        31.24915
373.6332        28.58965
381.8601        31.24915
385.9735        30.91671
398.3139        31.24915
406.8416        30.91671
403.9939        29.58696
401.1462        30.58427
  402.57         32.5789
409.6893        31.91402
413.9608        31.91402
 412.537        30.91671
416.8085        31.58159
416.8085         32.5789
 422.504        33.24378
429.6232        30.91671
 422.504        30.58427
419.6563         32.5789
426.7755         32.5789
432.4709        30.91671
429.6232        29.58696
433.8948        31.58159
442.4379        33.24378
 450.981        33.90865
452.4048        31.58159
439.5902        32.24646
448.1333        33.24378
465.2195        34.24109
465.2195        31.91402
466.6433        32.91134
460.9479        34.57353
463.7956         35.2384
478.0341         32.5789
475.1864         32.5789
475.1864        34.57353
 489.425        34.24109
488.0011        34.57353
 479.458        35.90328
480.8818        33.57621
486.5773        33.24378
 489.425        34.90596
485.1534         35.2384
485.1534        33.24378
 479.458        32.91134
490.8488        32.91134
499.4084        33.57621
 500.867         35.2384
482.3057        37.23303
470.9149         35.2384
472.3387        33.57621
480.8818        33.24378
483.7295        34.24109
493.6965        34.57353
496.5442        33.57621
496.5442         32.5789
503.7842        32.91134
  518.37        34.90596
508.1599        33.57621
492.2727        36.23572
499.4084        35.57084
 500.867        33.90865
503.7842        32.91134
  518.37        34.24109
521.2872        35.57084
530.0387        35.57084
532.9558         35.2384
524.2043        34.57353
509.6185        35.57084
509.6185        36.56815
512.5357        33.24378
512.5357        32.91134
509.6185        33.24378
505.2427        33.57621
502.3256         35.2384
512.5357         35.2384
506.7013        34.57353
503.7842        35.90328
497.9681        33.24378
497.9681        34.24109
493.6965         32.5789
485.1534        36.90059
 479.458        37.56547
472.3387        36.90059
455.2525        33.90865
452.4048        34.57353
453.8287        32.91134
436.7425        34.24109
426.7755        36.90059
423.9278        35.57084
415.3847         35.2384
398.3139         35.2384
394.2005        34.57353
387.3447        33.57621
373.6332        34.24109
355.8082         35.2384
340.7255        34.24109
 336.612        31.91402
325.6428        31.24915
318.7871        31.58159
303.7044        33.24378
303.7044        31.91402
292.6353        29.25452
276.7589        28.92209
276.7589        28.92209
269.9547        28.25721
256.3462        27.59233
251.8101        26.92746
241.6038        26.26258
224.5933        26.59502
220.0571        25.59771
210.9849        24.26796
198.5128        23.27064
189.5423        23.27064
177.2078        21.94089
 163.752        21.27602
149.1749        21.27602
133.4765        20.94358
117.7781         20.2787
105.4436        19.61383
94.46038        18.61651
81.69442        18.61651
68.92845        17.28676
59.35397        17.28676
50.84333         14.9597
44.46034        13.62995
42.33268        12.63264
38.07736        11.63532
30.63055        11.63532
23.18373        10.97045
16.80075        10.97045
11.48159        10.63801
8.290101        9.308257
1.907117        9.640695
       0        8.975819
       0        1.994627
       0               0
       0               0
       0        1.994627
       0        2.327064
2.970948        2.327064
12.54542        2.327064
15.73692        2.327064
24.24756        2.327064
28.50288        2.327064
37.01353        2.327064
46.58801        2.327064
52.97099        2.327064
69.99228         2.99194
82.75825        2.659502
97.65188        2.659502
120.0207         2.99194
132.3552         2.99194
146.9323        3.656815
158.1454        4.321691
165.9946        4.321691
174.9652        4.654129
179.4504        5.319004
178.3291        5.651442
180.5717        6.316317
180.5717        6.981193
180.5717        6.981193
179.4504        6.981193
179.4504        7.646068
176.0865        7.646068
182.8144        8.975819
187.2996        9.308257
189.5423        9.640695
199.6445        9.973133
206.4487        10.63801
210.9849        11.30288
 216.655        11.63532
221.1912        12.63264
224.5933        13.29751
232.5315        14.62726
233.6655        14.62726
237.0677        16.28945
237.0677        16.95433
232.5315        15.95701
232.5315        16.28945
232.5315        16.62189
233.6655        16.62189
233.6655        18.61651
237.0677        18.28408
242.7378        18.61651
238.2017        17.28676
252.9441        19.61383
267.6866        22.60577
267.6866        22.60577
269.9547        22.27333
285.8311        22.93821
283.5631        23.60308
289.2332        23.60308
311.9313        25.59771
311.9313        26.26258
310.5601        25.93015
311.9313        29.58696
325.6428        29.58696
332.4986         32.5789
346.2101        29.58696
350.3236        30.58427
355.8082        30.25184
357.1793        31.24915
368.1486        33.24378
383.2312        33.24378
388.7159        31.24915
398.3139        31.91402
395.5716        31.24915
398.3139        31.58159
398.3139         32.5789
396.9428        32.24646
 412.537         35.2384
 412.537        32.91134
 412.537         32.5789
409.6893        32.24646
411.1131        31.58159
419.6563        33.90865
 422.504        34.57353
428.1994        33.57621
429.6232        33.57621
423.9278        31.91402
429.6232        33.90865
433.8948        33.24378
436.7425        32.91134
428.1994        32.91134
425.3517        34.90596
439.5902        35.90328
459.5241        34.90596
465.2195        33.90865
 469.491        33.90865
453.8287        34.57353
 450.981        37.56547
459.5241         35.2384
462.3718        36.56815
468.0672        34.57353
462.3718        33.24378
470.9149        33.24378
476.6103        33.57621
476.6103        34.57353
 489.425        36.90059
482.3057         35.2384
472.3387        34.57353
473.7626        35.57084
475.1864        38.23034
478.0341         35.2384
 479.458        36.23572
482.3057        33.90865
483.7295        34.24109
483.7295        38.56278
492.2727        38.23034
 479.458        36.90059
475.1864        38.23034
475.1864        38.23034
483.7295        37.56547
485.1534        38.23034
485.1534        35.90328
480.8818        33.90865
486.5773        34.90596
495.1204         37.8979
497.9681        37.23303
490.8488        39.89253
473.7626         35.2384
472.3387        34.57353
470.9149        34.90596
 489.425        35.57084
496.5442        35.57084
499.4084        35.90328
505.2427        36.56815
505.2427        36.56815
490.8488        38.56278
483.7295        37.23303
480.8818        40.88984
 479.458        36.56815
 479.458        33.24378
476.6103        36.56815
482.3057        35.57084
 489.425        39.22766
495.1204        36.23572
485.1534        33.90865
486.5773        36.90059
486.5773        37.56547
 479.458         37.8979
485.1534        36.23572
 479.458        35.57084
478.0341        34.57353
456.6764        39.89253
460.9479        39.56009
465.2195        36.56815
442.4379         37.8979
435.3186        36.56815
435.3186        35.90328
425.3517        34.90596
 412.537        39.22766
387.3447        40.22497
377.7466        39.56009
366.7774        38.89522
353.0659        32.91134
 354.437        33.57621
343.4678        33.57621
 327.014        34.90596
321.5294        34.90596
321.5294         32.5789
305.0755        32.91134
284.6971        34.90596
277.8929        32.91134
276.7589         29.9194
272.2227        28.58965
264.2845        29.58696
 248.408        29.58696
241.6038        30.25184
232.5315        28.25721
221.1912        26.26258
 214.387        27.92477
203.0466        26.92746
191.7849        26.26258
187.2996        24.26796
173.8438        25.26527
158.1454        23.27064
146.9323        23.27064
133.4765        21.27602
120.0207         20.2787
111.0502        20.61114
97.65188        19.61383
84.88591        18.94895
78.50292        17.95164
71.05611        16.95433
 60.4178        15.62457
58.29014        15.62457
50.84333        13.96239
43.39651        13.62995
42.33268        12.63264
38.07736        12.96507
31.69438        12.96507
26.37522        13.29751
17.86458        11.96776
9.353932        11.96776
2.970948        11.30288
       0        10.97045
       0        1.994627
       0               0
       0               0
       0        1.662189
 6.16244        1.662189
16.80075        1.994627
19.99224        2.327064
25.31139        2.327064
30.63055        2.327064
 35.9497        2.327064
45.52417        1.994627
62.54546        2.327064
72.11994        2.327064
90.20506        2.659502
106.5649         2.99194
123.3846         2.99194
137.9617         2.99194
152.5388        3.656815
160.3881        3.989253
169.3586        4.654129
176.0865        5.319004
177.2078        4.986566
180.5717        5.319004
182.8144        6.316317
179.4504        6.316317
180.5717        7.313631
180.5717        7.313631
180.5717        7.978506
179.4504        7.646068
188.4209        8.975819
186.1783        8.643382
194.0275        9.640695
200.7785        10.97045
208.7168        10.97045
 214.387        11.63532
218.9231        12.63264
 216.655        13.29751
220.0571        13.62995
223.4592        13.96239
224.5933        14.62726
226.8613         14.9597
231.3975        15.95701
232.5315        16.28945
227.9954        16.28945
225.7273        17.28676
226.8613        16.95433
233.6655        17.95164
234.7996        16.95433
239.3357        18.61651
258.6143        23.27064
269.9547        22.93821
288.0992        22.60577
290.3673        19.61383
291.5013        21.27602
299.5909        24.60039
306.4467        24.93283
325.6428        22.60577
348.9524        27.92477
346.2101        26.92746
351.6947        29.58696
365.4063        31.58159
357.1793        28.25721
365.4063         29.9194
396.9428        31.24915
398.3139        31.91402
408.2654        32.91134
425.3517        33.24378
425.3517        33.24378
435.3186        32.24646
449.5571        33.90865
463.7956        33.57621
476.6103        33.57621
473.7626        31.58159
470.9149        34.24109
472.3387         35.2384
480.8818        35.90328
472.3387        35.57084
468.0672        35.90328
478.0341        35.57084
486.5773        35.90328
480.8818        34.57353
483.7295        34.90596
488.0011        36.90059
495.1204        36.56815
497.9681        36.56815
485.1534         35.2384
488.0011        37.23303
502.3256        37.23303
506.7013        35.57084
  518.37        37.23303
519.8286        37.23303
508.1599        37.56547
511.0771        40.22497
509.6185         37.8979
505.2427        38.23034
508.1599        37.23303
531.4972        37.56547
525.6629        38.23034
512.5357        35.90328
524.2043        40.55741
522.7457        36.56815
516.9114        38.89522
521.2872        38.89522
513.9942        37.56547
519.8286         37.8979
543.1659         37.8979
551.9174        36.56815
 535.873        38.56278
528.5801        38.56278
524.2043        39.56009
524.2043        36.90059
530.0387        39.56009
513.9942        37.23303
516.9114        39.22766
537.3316        39.89253
546.0831        37.56547
549.0002        36.56815
549.0002        39.22766
543.1659        40.55741
544.6245        40.88984
550.4588        39.56009
 553.376        39.89253
551.9174        40.55741
554.8346        41.88716
566.5032         42.2196
566.5032        40.88984
551.9174        42.55203
543.1659        41.55472
550.4588        40.22497
557.7517        41.55472
557.7517        43.21691
554.8346        41.55472
551.9174        38.56278
549.0002        43.21691
543.1659        43.21691
549.0002        42.55203
550.4588        40.88984
554.8346        39.22766
549.0002        39.89253
537.3316        39.22766
537.3316        43.21691
540.2487        41.55472
541.7073        41.55472
543.1659        39.56009
547.5417        41.22228
543.1659        39.56009
544.6245        41.22228
546.0831        39.89253
 535.873        39.89253
515.4528        41.22228
511.0771        40.55741
505.2427        40.55741
497.9681        39.56009
496.5442        41.22228
483.7295        40.22497
470.9149        42.55203
456.6764         42.2196
442.4379        41.55472
432.4709         37.8979
426.7755        38.56278
 422.504        38.89522
413.9608        40.88984
399.7223        40.22497
391.4582        37.23303
380.4889        35.57084
369.5197         37.8979
359.9216        38.56278
358.5505        37.56547
348.9524        36.23572
329.7563        33.57621
324.2717        31.91402
320.1582        32.24646
314.6736         32.5789
 309.189        33.24378
299.5909        32.24646
285.8311        31.24915
279.0269        29.58696
268.8206        30.58427
257.4803        30.91671
246.1399        29.25452
233.6655        28.25721
217.7891        27.92477
204.1806        27.59233
188.4209        27.92477
173.8438         27.2599
170.4799        25.26527
158.1454        25.26527
149.1749        25.93015
143.5683        24.93283
133.4765        23.93552
125.6273        23.60308
118.8994        22.93821
108.8075        21.60845
97.65188        23.27064
91.26889        22.27333
81.69442        21.94089
73.18377        21.94089
66.80079        21.27602
57.22631        21.94089
46.58801        23.60308
40.20502        22.93821
31.69438        21.94089
 22.1199        23.60308
15.73692        21.94089
9.353932        22.93821
1.907117        25.59771
       0        25.26527
       0        1.662189
       0               0
       0               0
       0        1.994627
 6.16244        1.994627
15.73692        1.994627
21.05607        1.662189
27.43905        1.994627
 35.9497        1.994627
40.20502        2.327064
52.97099        2.327064
 63.6093        2.327064
76.37526        2.327064
95.52422        2.327064
113.2928        2.659502
126.7486         2.99194
139.0831        3.324378
150.2962        3.656815
158.1454        3.989253
169.3586        4.321691
172.7225        4.986566
174.9652        5.319004
176.0865         5.98388
174.9652        6.316317
174.9652        6.316317
170.4799        6.648755
174.9652        7.313631
171.6012        7.313631
174.9652        8.310944
178.3291        8.310944
182.8144        8.975819
191.7849        9.308257
196.2701        9.973133
203.0466        10.63801
207.5828        11.63532
 215.521        11.63532
223.4592        12.96507
225.7273        13.62995
232.5315         14.9597
234.7996        15.29214
239.3357        15.95701
241.6038        16.28945
243.8719        16.28945
242.7378        16.28945
246.1399        17.28676
 248.408        18.28408
257.4803        20.94358
265.4185        20.94358
271.0887        20.61114
276.7589        19.28139
291.5013        21.27602
310.5601        22.60577
297.1715        23.27064
316.0448        22.93821
337.9832        26.59502
343.4678        26.59502
353.0659        25.59771
361.2928        27.59233
362.6639        30.58427
381.8601        31.24915
392.8293        30.91671
403.9939         29.9194
418.2324        30.25184
432.4709        31.91402
445.2856        31.91402
459.5241        34.24109
 479.458        34.24109
486.5773        35.90328
 489.425        36.90059
503.7842        38.56278
508.1599        40.55741
  518.37        41.22228
527.1215        41.55472
537.3316        43.21691
541.7073        44.21422
550.4588        45.54397
540.2487        46.20885
550.4588        48.53591
556.2932        48.20347
565.0447        50.86298
567.9618        49.86566
572.3376        51.52785
572.3376         52.8576
 570.879        53.52248
 588.382        53.52248
591.2992        54.51979
598.5921        55.84954
612.4511        56.51442
603.2071        56.84686
598.5921        57.84417
615.5324        57.51173
615.5324        57.17929
 626.317        57.51173
641.7236        58.50905
623.2357         59.8388
620.1544        61.83342
 635.561        60.50367
 630.939        60.17123
627.8577        61.50099
637.1016        60.83611
 630.939        61.50099
624.7763        62.16586
644.8049        62.83074
649.4269        62.83074
646.3456         62.4983
647.8862        62.83074
640.1829        63.49561
640.1829        65.82268
649.4269        65.49024
647.8862        65.82268
644.8049        66.15511
655.5895        66.15511
657.1302        66.15511
649.4269        67.48486
664.8335        68.48218
666.3742         67.8173
666.3742        68.81462
669.4555        68.81462
669.4555        70.14437
666.3742        70.14437
675.6181        70.80924
674.0775        70.80924
683.3214        72.13899
687.9434        72.80387
681.7808        73.13631
681.7808        74.13362
691.0247         74.7985
691.0247         74.7985
687.9434        75.46337
687.9434        70.80924
675.6181        71.80656
681.7808        75.13093
691.0247         74.7985
691.0247        73.80118
683.3214        75.46337
 694.106        77.12556
698.7282        76.79312
687.9434        79.45262
689.4841        78.45531
689.4841        79.45262
 694.106        78.78775
 694.106        78.12287
687.9434        78.78775
675.6181        79.45262
683.3214        78.45531
692.5654        78.78775
684.8621        79.45262
686.4027        77.79044
689.4841        82.11213
687.9434        78.12287
692.5654        82.44456
686.4027         80.1175
678.6994        83.44188
663.2928        80.78237
655.5895        82.44456
644.8049        80.44994
640.1829        81.11481
600.1258        75.13093
585.4648          82.777
-1.28438        5.319004
       0        7.313631
28.50288        15.62457
       0               0
       0        3.656815
       0         5.98388
       0        1.329751
       0        3.656815
       0               0
14.67309        0.332438
       0        4.986566
       0        1.329751
       0        2.327064
       0         2.99194
       0               0
21.05607               0
       0        7.313631
       0               0
       0        3.989253
       0         2.99194
       0        1.994627
51.90716               0
83.82208        7.978506
       0               0
       0        4.654129
       0               0
       0        6.648755
118.8994        6.981193
113.2928        11.96776
       0               0
       0        8.975819
       0        1.662189
 22.1199        1.329751
 88.0774        0.664876
 74.2476               0
       0         12.3002
       0               0
2.970948        3.989253
       0        0.664876
       0        1.994627
       0        1.662189
       0        3.989253
       0        3.989253
       0               0
       0        1.662189
       0        1.329751
       0        3.989253
       0        5.651442
       0        5.651442
83.82208        5.319004
       0               0
       0        2.659502
       0        1.994627
       0        3.989253
       0        5.319004
107.6862               0
       0        3.989253
       0        3.324378
       0        5.651442
       0        5.651442
1.907117        3.656815
       0        1.662189
       0        3.324378
       0         2.99194
       0        7.646068
       0        7.313631
       0        4.321691
       0        0.332438
       0        5.651442
       0        2.659502
       0        6.981193
       0        8.975819
       0         2.99194
       0        0.332438
       0        4.986566
       0        3.324378
       0        6.981193
2.970948        7.313631
       0        3.656815
       0        0.997313
       0        2.659502
41.26885        0.997313
       0        8.643382
 22.1199        5.651442
 35.9497         2.99194
       0        1.662189
42.33268        2.659502
 63.6093        3.656815
152.5388        7.313631
87.01357        8.975819
31.69438        6.316317
78.50292               0
61.48163               0
17.86458        7.978506
1.907117        13.62995
18.92841        9.308257
39.14119        7.313631
69.99228               0
78.50292        4.321691
27.43905        8.975819
26.37522         14.9597
44.46034        10.97045
95.52422        7.646068
61.48163               0
107.6862        4.654129
43.39651        11.30288
47.65184        17.28676
66.80079        12.63264
 124.506        7.646068
71.05611               0
125.6273        6.316317
94.46038        14.29482
68.92845        20.61114
126.7486        15.62457
164.8733        8.975819
 74.2476        3.324378
140.2044        6.316317
126.7486        18.28408
80.63059        21.94089
150.2962         17.6192
192.9062        8.975819
80.63059        3.656815
148.0536        6.648755
174.9652        19.61383
102.0797        24.60039
158.1454        20.94358
218.9231        8.643382
108.8075        3.656815
146.9323        8.975819
189.5423        20.94358
122.2633        27.92477
174.9652        24.26796
246.1399        10.97045
165.9946        4.986566
198.5128        10.30557
226.8613        22.60577
170.4799        31.58159
231.3975        26.92746
297.1715        13.62995
243.8719        9.640695
 247.274         12.3002
258.6143        25.26527
213.2529        32.91134
292.6353        26.26258
351.6947        15.95701
311.9313        10.63801
328.3851        12.96507
314.6736        26.92746
262.0164        34.57353
351.6947        30.25184
413.9608        23.27064
366.7774        15.29214
328.3851        15.62457
333.8697        28.25721
305.0755        36.90059
366.7774        34.24109
425.3517        27.92477
  402.57        16.95433
375.0043        18.94895
365.4063        32.24646
316.0448         42.2196
381.8601        37.56547
478.0341        21.27602
473.7626        13.62995
463.7956        12.63264
505.2427        25.59771
531.4972        33.57621
584.0063        31.24915
661.7522        20.61114
638.6423         17.6192
627.8577        16.62189
663.2928        27.59233
684.8621         29.9194
742.4726        28.25721
802.0038        17.95164
775.2809        13.62995
756.5333        12.63264
783.0924        25.26527
813.5134        29.58696
851.3305        28.92209
902.4006        22.27333
838.1767        15.62457
820.0903        12.96507
823.3787        24.26796
823.3787        28.92209
852.9747        28.92209
909.1596        23.27064
831.5998        13.62995
856.2631        11.63532
826.6671        23.93552
 803.648        29.58696
806.9365        28.58965
