       0               0
       0               0
1.063831               0
19.14895               0
 38.2979               0
56.38303               0
61.70218               0
68.08516               0
73.40432               0
 79.7873               0
85.10645               0
94.68093               0
108.9706               0
120.1838               0
140.3674               0
151.5806        0.332438
165.0364        0.664876
179.6135        0.664876
194.1906        0.997313
 203.197        1.662189
214.5373        2.327064
220.2075        2.659502
227.0117         2.99194
225.8776        3.324378
222.4755        3.656815
216.8054        3.989253
212.2692        3.989253
213.4033        4.654129
214.5373        5.319004
216.8054        4.986566
215.6713        4.986566
215.6713        5.651442
217.9394        6.316317
215.6713         5.98388
217.9394        6.316317
220.2075        7.313631
220.2075        7.313631
222.4755        7.313631
223.6096        7.978506
222.4755        8.643382
223.6096        8.643382
223.6096        8.975819
224.7436        8.975819
225.8776        8.975819
225.8776        9.308257
225.8776        8.643382
228.1457        10.30557
227.0117        10.63801
225.8776        10.30557
228.1457        11.63532
231.5478        11.96776
231.5478        12.63264
233.8159         12.3002
234.9499         12.3002
239.4861         12.3002
241.7541        12.96507
241.7541        12.63264
242.8882        13.96239
242.8882        14.29482
244.0222         14.9597
246.2903        14.29482
248.5583        12.96507
249.6924        12.63264
249.6924        12.63264
254.2285        13.96239
261.0327        14.29482
259.8987        14.62726
261.0327        14.29482
257.6306        14.29482
261.0327        13.96239
264.4348        13.96239
267.8369        15.95701
 268.971        13.96239
 268.971        16.95433
265.5689        15.29214
265.5689         14.9597
 270.105         14.9597
273.5071         14.9597
273.5071        15.62457
272.3731        16.62189
 268.971        16.62189
272.3731         17.6192
 270.105        14.62726
 271.239        14.29482
276.9092        15.62457
281.4453        15.95701
283.7134        16.28945
288.2495        16.28945
285.9815        17.28676
287.1155        14.62726
289.3836        15.62457
293.9197        16.28945
293.9197         17.6192
288.2495        16.28945
296.1878         17.6192
297.3218         17.6192
296.1878        18.28408
298.4559        18.61651
297.3218        17.95164
302.2464        17.95164
304.9888        15.95701
311.8445        16.95433
302.2464        16.28945
304.9888         17.6192
314.5868        18.94895
 315.958        18.61651
303.6176        17.95164
307.7311        19.28139
 315.958        19.94627
309.1022        18.28408
307.7311        19.94627
306.3599        18.94895
303.6176        18.28408
314.5868        18.61651
320.0714        18.28408
 325.556        18.61651
 333.783        18.28408
324.1849        18.28408
326.9272        17.95164
322.8137        20.61114
324.1849        21.27602
324.1849        22.27333
318.7003         20.2787
 325.556        19.61383
326.9272         17.6192
342.0099        18.28408
359.8349        17.95164
358.4637        19.94627
347.4945        21.60845
346.1233        22.93821
329.6695        20.61114
340.6387        22.60577
352.9791        21.94089
350.2368        20.61114
348.8656        18.61651
350.2368        21.60845
357.0926        21.60845
352.9791        22.60577
358.4637        19.94627
352.9791        19.28139
363.9483        19.94627
373.5464        19.94627
372.1752         20.2787
370.8041        21.60845
374.9175        23.27064
368.0618        23.60308
355.7214        22.60577
362.5772        21.94089
365.3195        20.94358
363.9483        21.60845
369.4329        23.60308
372.1752         20.2787
381.7733         20.2787
383.1445        21.94089
 379.031        22.93821
370.8041        25.93015
368.0618        23.60308
351.6079        24.26796
 343.381        24.93283
347.4945        23.93552
339.2676        23.60308
342.0099        25.26527
340.6387        27.92477
310.4734        24.93283
 315.958        25.93015
302.2464        25.26527
291.6516        25.93015
284.8474        26.59502
267.8369        24.26796
254.2285        25.26527
240.6201        23.27064
233.8159        24.93283
213.4033        25.26527
 205.465        21.94089
194.1906        22.93821
 167.279        21.94089
168.4003        19.94627
157.1872        20.94358
142.6101        16.95433
133.6395        17.28676
 124.669        15.62457
113.4559        15.95701
100.0001        14.29482
98.93625        13.29751
82.97879        12.96507
78.72347        13.62995
75.53198        13.96239
61.70218        11.96776
54.25536        12.63264
50.00004        10.97045
45.74472        8.975819
 38.2979        8.975819
34.04258        9.308257
 27.6596        6.316317
20.21278        6.316317
19.14895        5.651442
17.02129        3.989253
15.95746        5.319004
15.95746         2.99194
 13.8298         2.99194
11.70214         2.99194
12.76597        2.659502
11.70214        1.994627
9.574476        2.659502
10.63831        1.994627
6.382984        1.994627
5.319153        1.994627
8.510645        1.662189
3.191492        2.327064
2.127661        1.662189
2.127661        2.327064
       0        0.997313
       0               0
       0               0
       0        0.332438
4.255323        0.332438
23.40427               0
45.74472        0.332438
53.19153               0
59.57452        0.332438
 65.9575               0
71.27665        0.332438
75.53198               0
84.04262        0.332438
92.55327        0.332438
105.6067        0.332438
122.4264        0.332438
138.1248        0.664876
156.0659        0.997313
175.1282        0.997313
194.1906        1.662189
 205.465        1.994627
215.6713        2.659502
220.2075        2.659502
227.0117        3.324378
229.2797        3.989253
231.5478        3.989253
231.5478        4.654129
231.5478        5.319004
228.1457        5.651442
225.8776         5.98388
228.1457        6.316317
239.4861        7.313631
239.4861        7.646068
240.6201        7.646068
245.1562        7.978506
254.2285        8.975819
264.4348        10.30557
 270.105        10.97045
273.5071        11.63532
273.5071        11.63532
275.7752        11.96776
281.4453        13.62995
282.5794        13.62995
276.9092        13.62995
279.1773        13.29751
273.5071        12.63264
 268.971        12.63264
 270.105        13.29751
 268.971        14.62726
275.7752        16.95433
281.4453        17.95164
280.3113        17.28676
283.7134        16.62189
285.9815        15.95701
284.8474        15.62457
287.1155        15.62457
291.6516        18.28408
292.7857        18.94895
290.5176        18.61651
293.9197        17.95164
291.6516        16.95433
292.7857        15.95701
293.9197        16.95433
299.5899        19.28139
304.9888        18.94895
304.9888        18.28408
306.3599        19.61383
300.8753        20.94358
296.1878        18.94895
304.9888        19.94627
313.2157        21.27602
313.2157        21.27602
314.5868        21.27602
314.5868         20.2787
307.7311        19.61383
304.9888        19.61383
307.7311        21.27602
309.1022        21.60845
322.8137        23.60308
335.1541        22.93821
321.4426        19.61383
311.8445        18.61651
320.0714        18.94895
328.2983         17.6192
 333.783         20.2787
318.7003        18.28408
317.3291        20.61114
336.5253        23.60308
344.7522        24.26796
354.3503        21.27602
347.4945        19.28139
342.0099        19.28139
339.2676        20.61114
347.4945        23.60308
346.1233        21.27602
336.5253        22.27333
 343.381        21.60845
348.8656        24.60039
 361.206        22.93821
354.3503         20.2787
358.4637        20.61114
363.9483        23.27064
365.3195        23.93552
363.9483        24.26796
366.6906        24.93283
362.5772        21.27602
359.8349        22.27333
366.6906        23.60308
374.9175        25.26527
365.3195        23.27064
369.4329        24.60039
376.2887        23.93552
384.5156        24.60039
387.2579        25.26527
385.8868        23.93552
383.1445        22.93821
384.5156        23.60308
383.1445        22.93821
391.3714        23.60308
394.1137        23.93552
392.7425        24.93283
387.2579        24.60039
383.1445        23.60308
385.8868        23.60308
 379.031        24.26796
 379.031        24.26796
381.7733        23.93552
381.7733        22.60577
381.7733        21.94089
383.1445        22.27333
390.0002        23.60308
406.7021        22.93821
415.2452        21.94089
415.2452        22.93821
415.2452        24.26796
406.7021        23.60308
412.3975        23.93552
418.0929        22.93821
409.5498        22.93821
 408.126        24.93283
406.7021        24.26796
387.2579        24.60039
380.4022        23.93552
373.5464        24.93283
374.9175        24.26796
376.2887        23.93552
377.6599        22.93821
380.4022        23.60308
377.6599        25.59771
380.4022        26.26258
374.9175        27.59233
369.4329        25.26527
366.6906        25.59771
348.8656        25.26527
336.5253        25.26527
324.1849        26.59502
304.9888        25.59771
302.2464        24.60039
287.1155        25.59771
275.7752        22.93821
266.7029        23.93552
249.6924        24.60039
244.0222        23.93552
221.3415        25.93015
212.2692        23.93552
199.7972        25.59771
182.9774        22.93821
182.9774        19.61383
158.3085        20.94358
162.7937        18.94895
151.5806        19.28139
130.2756        15.62457
133.6395        17.28676
113.4559        16.95433
110.0919        15.62457
102.2427         14.9597
90.42561         14.9597
84.04262        14.62726
73.40432        12.63264
61.70218         12.3002
58.51069        13.29751
54.25536        12.96507
40.42557        11.96776
34.04258        8.975819
28.72343        7.646068
18.08512        6.648755
12.76597        5.651442
 13.8298        3.989253
7.446815         2.99194
8.510645        3.324378
8.510645        3.324378
4.255323        3.656815
5.319153         2.99194
5.319153        1.662189
2.127661        1.662189
4.255323        2.659502
5.319153        2.327064
1.063831        2.327064
3.191492        1.662189
3.191492        0.997313
       0        0.664876
       0               0
       0               0
17.02129               0
39.36173               0
 52.1277               0
58.51069               0
63.82984               0
70.21282               0
74.46815               0
81.91496               0
 93.6171               0
 103.364               0
123.5477               0
138.1248        0.332438
157.1872        0.332438
174.0069        0.332438
189.7053        0.997313
202.0629        1.329751
212.2692        1.994627
216.8054        1.994627
222.4755        2.659502
223.6096        3.324378
227.0117        3.324378
228.1457        4.321691
224.7436        4.986566
223.6096        4.654129
220.2075        4.986566
223.6096        5.651442
228.1457         5.98388
225.8776        6.316317
232.6819        7.313631
 238.352        7.646068
246.2903        7.978506
250.8264        8.643382
259.8987        9.308257
266.7029        10.97045
273.5071        11.63532
 270.105        11.63532
 268.971        11.96776
267.8369        11.96776
 268.971        12.63264
 270.105        13.29751
267.8369        13.29751
 270.105        13.96239
273.5071        15.29214
278.0432        15.95701
280.3113        16.28945
281.4453        15.95701
283.7134        16.28945
283.7134        15.95701
290.5176        16.28945
289.3836        16.62189
297.3218        17.95164
299.5899        17.95164
297.3218        17.95164
297.3218         17.6192
297.3218        17.95164
297.3218        16.28945
299.5899        18.28408
309.1022        19.94627
310.4734        19.94627
304.9888        18.28408
302.2464        17.95164
295.0538        18.61651
306.3599        20.94358
307.7311        21.60845
302.2464        20.94358
303.6176         20.2787
306.3599         20.2787
309.1022        19.28139
310.4734        20.94358
299.5899        20.94358
302.2464        21.27602
303.6176        22.27333
300.8753        19.28139
299.5899        21.27602
303.6176         20.2787
309.1022        21.60845
307.7311        18.94895
299.5899        17.95164
303.6176        19.94627
314.5868        22.27333
 315.958        23.27064
317.3291        21.94089
324.1849        21.60845
 325.556        18.28408
326.9272        20.61114
 325.556        19.94627
332.4118        21.60845
340.6387        21.27602
337.8964        22.27333
 333.783        21.94089
351.6079        23.60308
358.4637        24.26796
363.9483        22.60577
366.6906        21.94089
363.9483        20.61114
362.5772        22.27333
373.5464        24.26796
373.5464        24.60039
373.5464        24.26796
 379.031        23.27064
369.4329        22.27333
366.6906        23.27064
374.9175        25.59771
365.3195        25.59771
366.6906        25.93015
368.0618        24.60039
363.9483        22.93821
357.0926        22.27333
357.0926        22.93821
363.9483        24.26796
374.9175        24.26796
373.5464        23.93552
363.9483        23.60308
372.1752        23.93552
373.5464        23.93552
370.8041        23.27064
374.9175        24.93283
377.6599        25.26527
362.5772        23.93552
357.0926        22.27333
363.9483        23.60308
362.5772        22.27333
366.6906        23.93552
369.4329        22.93821
374.9175        23.27064
376.2887        21.94089
380.4022        24.60039
384.5156        23.60308
385.8868        25.26527
384.5156        23.60308
368.0618        23.27064
372.1752        23.27064
365.3195        22.60577
373.5464        21.94089
387.2579        22.60577
387.2579        22.93821
380.4022        23.27064
384.5156        25.59771
380.4022        26.26258
377.6599        25.93015
 379.031        25.93015
358.4637        24.26796
365.3195        25.26527
362.5772        25.26527
346.1233        24.26796
355.7214        25.93015
358.4637         27.2599
347.4945        24.93283
340.6387        24.60039
331.0407        25.26527
321.4426        25.93015
309.1022        26.92746
306.3599        26.59502
291.6516         27.2599
274.6411        24.26796
258.7646        23.93552
244.0222        22.60577
240.6201        24.26796
220.2075        25.26527
214.5373        22.60577
 205.465        23.93552
193.0693        20.94358
186.3414        21.94089
176.2495        20.94358
177.3708         20.2787
156.0659        19.94627
144.8527        18.94895
134.7609        18.61651
123.5477        16.95433
114.5772        17.28676
105.6067        15.95701
92.55327         14.9597
81.91496        14.62726
 79.7873        13.29751
71.27665        12.96507
 65.9575        11.96776
62.76601        11.96776
53.19153        10.30557
45.74472        9.308257
 41.4894        8.643382
35.10641        7.978506
 27.6596        7.646068
24.46811         5.98388
21.27661        5.319004
17.02129        4.654129
15.95746        4.654129
12.76597        4.986566
11.70214        2.659502
11.70214        3.656815
7.446815        2.659502
6.382984        3.989253
7.446815         2.99194
5.319153         2.99194
4.255323        2.327064
4.255323        2.327064
2.127661        1.994627
2.127661        2.327064
2.127661        1.994627
       0        1.329751
       0        1.662189
       0        1.329751
       0        0.664876
       0        0.664876
       0        0.664876
       0        0.997313
       0        0.332438
       0        0.664876
       0        0.664876
       0               0



       0        0.332438
6.382984        0.332438
32.97875               0
 41.4894               0
48.93621               0
57.44686               0
64.89367               0
67.02133               0
74.46815               0
81.91496               0
 93.6171               0
111.2132               0
 128.033               0
 145.974        0.664876
162.7937        0.997313
177.3708        0.997313
189.7053        1.329751
 203.197        2.327064
210.0012        2.327064
213.4033         2.99194
217.9394        3.656815
216.8054        3.656815
220.2075        4.321691
215.6713        4.654129
219.0734        5.319004
216.8054        5.319004
217.9394        6.316317
219.0734        6.316317
223.6096        6.648755
232.6819        6.981193
234.9499        7.978506
240.6201        8.643382
249.6924        9.640695
255.3625        9.973133
258.7646        10.63801
262.1668        11.30288
262.1668         12.3002
 271.239        13.29751
274.6411        14.29482
 270.105        13.62995
 271.239        14.29482
266.7029        13.96239
265.5689        13.62995
267.8369        15.29214
264.4348        14.62726
258.7646        15.62457
264.4348        15.62457
 268.971        17.28676
275.7752        17.28676
279.1773         17.6192
278.0432        17.28676
283.7134        18.28408
295.0538        19.61383
298.4559        19.28139
299.5899        18.94895
299.5899        18.61651
295.0538        17.28676
295.0538        16.95433
293.9197        19.28139
298.4559        21.27602
306.3599        22.60577
 315.958        23.60308
311.8445        21.60845
307.7311        19.61383
309.1022        18.94895
314.5868        19.61383
310.4734        20.94358
310.4734        21.27602
 315.958        23.93552
318.7003        24.26796
331.0407        21.60845
 325.556        21.60845
318.7003        21.27602
322.8137        22.27333
 315.958        21.27602
310.4734        22.27333
329.6695        23.93552
336.5253        22.93821
 333.783        21.94089
329.6695        21.60845
329.6695        24.60039
340.6387        25.26527
346.1233        22.93821
337.8964        22.93821
328.2983        22.27333
342.0099        26.26258
352.9791        25.59771
358.4637        25.93015
359.8349        23.60308
355.7214        24.60039
351.6079        24.93283
352.9791        25.59771
355.7214        25.59771
366.6906        23.93552
365.3195        23.27064
370.8041        23.93552
372.1752        25.93015
380.4022        26.59502
369.4329        26.59502
377.6599        25.26527
383.1445        24.93283
387.2579        24.93283
387.2579        26.59502
385.8868        25.59771
383.1445        27.59233
376.2887        25.26527
380.4022        24.26796
380.4022        25.59771
374.9175        24.93283
370.8041        25.59771
366.6906        24.60039
362.5772        23.93552
373.5464        24.60039
377.6599        23.27064
381.7733        25.26527
 379.031        23.93552
388.6291        24.60039
 396.856        22.93821
391.3714        24.60039
398.2271        26.26258
412.3975        26.59502
398.2271        25.26527
 396.856        26.26258
403.8544        25.93015
406.7021        26.26258
403.8544        26.59502
413.8214        26.26258
410.9737        24.93283
402.4306        24.26796
 408.126        26.26258
418.0929        26.59502
406.7021        25.59771
 408.126        26.59502
413.8214        26.92746
412.3975        26.59502
405.2783        26.26258
409.5498        26.26258
405.2783        26.26258
399.5983        26.26258
403.8544        25.26527
391.3714        24.93283
392.7425        24.93283
401.0067        26.26258
402.4306        24.93283
406.7021        26.59502
391.3714        26.59502
380.4022        27.92477
377.6599         27.2599
363.9483        26.26258
359.8349        26.92746
 343.381        28.25721
 325.556        27.59233
 325.556        28.25721
318.7003        25.59771
304.9888        26.59502
292.7857        26.92746
284.8474        25.93015
263.3008        27.92477
254.2285        25.26527
246.2903        25.93015
222.4755        24.93283
225.8776        22.27333
208.8671        23.60308
191.9479        21.60845
 188.584        22.93821
172.8856        20.94358
165.0364         20.2787
153.8232        21.27602
152.7019        18.61651
134.7609        19.28139
125.7903        16.95433
120.1838        16.95433
108.9706        15.62457
 103.364        15.62457
95.74476         14.9597
85.10645        14.29482
72.34049        14.29482
67.02133        13.96239
60.63835        11.63532
54.25536        12.96507
47.87238        10.30557
40.42557        10.30557
34.04258        8.310944
29.78726        6.981193
23.40427        5.651442
19.14895        4.654129
19.14895        3.989253
15.95746        3.989253
12.76597        3.989253
 13.8298        3.324378
10.63831        2.659502
7.446815        2.659502
8.510645        3.324378
6.382984        2.327064
4.255323        2.659502
6.382984         2.99194
5.319153        2.659502
2.127661        2.327064
3.191492        2.327064
       0        0.332438
       0               0
       0               0
15.95746               0
34.04258               0
45.74472               0
51.06387               0
56.38303               0
67.02133               0
73.40432               0
76.59581        0.332438
88.29794        0.332438
101.1214        0.332438
117.9411               0
138.1248        0.332438
154.9445        0.664876
169.5216        0.997313
185.2201        1.662189
194.1906        1.994627
200.9289        1.662189
210.0012        2.659502
214.5373        3.324378
213.4033        3.324378
219.0734        4.321691
216.8054        4.654129
215.6713        4.986566
220.2075        5.319004
221.3415        5.651442
219.0734        6.648755
219.0734        6.981193
219.0734        6.981193
227.0117        7.646068
233.8159        8.643382
245.1562        9.640695
250.8264        9.973133
251.9604        10.63801
257.6306        11.63532
259.8987        11.30288
264.4348        12.63264
264.4348        12.96507
258.7646        12.96507
262.1668        13.96239
259.8987        13.96239
263.3008        15.62457
266.7029        16.28945
265.5689        15.29214
267.8369        15.62457
 268.971        16.28945
273.5071        16.62189
279.1773        15.95701
280.3113         17.6192
284.8474        18.61651
291.6516        19.94627
298.4559        21.27602
304.9888        21.27602
293.9197        18.61651
292.7857        19.28139
297.3218        20.94358
291.6516        19.94627
293.9197        20.61114
298.4559        21.94089
304.9888        21.27602
306.3599        20.61114
310.4734        20.61114
 315.958        21.27602
317.3291        21.27602
317.3291        19.28139
317.3291        19.28139
 315.958        22.27333
324.1849        23.27064
335.1541        24.60039
 333.783        23.27064
337.8964        23.60308
335.1541        23.60308
328.2983        22.93821
320.0714        21.60845
328.2983        21.60845
328.2983        19.61383
332.4118        22.60577
350.2368        22.93821
342.0099        22.93821
337.8964        22.93821
342.0099        24.60039
347.4945        24.26796
 343.381        25.26527
342.0099        24.26796
 343.381        23.93552
339.2676        23.93552
351.6079        25.26527
359.8349        24.26796
365.3195        24.60039
374.9175        23.93552
388.6291        23.60308
395.4848        23.93552
391.3714        25.26527
391.3714        25.26527
 396.856         27.2599
395.4848        25.93015
398.2271        24.93283
 396.856        24.60039
401.0067        24.93283
403.8544        26.26258
410.9737        25.93015
406.7021        24.93283
412.3975        24.93283
415.2452        25.93015
416.6691        26.92746
415.2452        27.59233
409.5498        27.59233
403.8544        25.93015
402.4306        24.60039
398.2271        25.93015
406.7021        24.93283
403.8544        24.60039
 408.126        23.93552
418.0929        25.93015
423.7883        25.93015
425.2122         27.2599
422.3645        26.59502
428.0599         27.2599
423.7883         27.2599
413.8214        27.59233
409.5498        27.59233
 408.126        26.59502
 408.126        26.59502
399.5983        25.59771
402.4306        26.92746
401.0067        26.59502
405.2783        25.26527
403.8544        24.93283
409.5498        25.59771
409.5498        26.59502
420.9406        27.59233
420.9406        24.60039
423.7883        24.60039
 426.636        23.60308
413.8214        26.92746
419.5168         27.2599
422.3645         27.2599
406.7021        25.93015
415.2452        25.59771
418.0929        25.26527
 396.856        26.59502
391.3714        26.92746
395.4848        27.59233
395.4848        24.93283
399.5983        25.26527
388.6291        26.26258
 379.031        26.59502
372.1752        26.26258
354.3503        27.92477
350.2368         27.2599
351.6079         27.2599
346.1233        26.92746
331.0407        28.58965
318.7003         27.2599
293.9197        28.92209
279.1773        27.92477
287.1155        26.92746
266.7029        28.92209
253.0945         27.2599
245.1562        26.59502
231.5478        25.26527
216.8054        24.93283
207.7331        25.26527
 203.197        21.60845
179.6135        21.94089
166.1577        21.27602
166.1577         20.2787
148.2166        18.94895
144.8527        18.61651
138.1248        17.95164
126.9117        16.95433
117.9411        16.62189
110.0919        15.62457
101.1214         14.9597
95.74476        14.62726
89.36178        13.62995
77.65964        12.63264
70.21282        12.63264
64.89367        11.96776
54.25536        10.63801
48.93621        9.973133
42.55323        9.308257
31.91492        8.643382
26.59577        8.643382
21.27661        6.981193
18.08512         5.98388
15.95746        5.319004
14.89363        4.986566
11.70214        4.654129
10.63831        4.654129
8.510645        3.656815
6.382984        3.324378
7.446815        3.324378
5.319153         2.99194
3.191492         2.99194
3.191492         2.99194
4.255323        3.324378
1.063831        3.324378
       0        0.332438
       0               0
       0               0
11.70214               0
34.04258               0
42.55323               0
51.06387               0
59.57452               0
62.76601               0
70.21282               0
77.65964               0
86.17028               0
102.2427               0
117.9411        0.332438
135.8822        0.332438
153.8232        0.664876
168.4003        0.664876
180.7348        1.329751
191.9479        1.662189
202.0629        2.327064
210.0012        2.659502
214.5373         2.99194
216.8054        3.656815
217.9394        3.989253
217.9394        4.321691
215.6713        4.654129
215.6713        4.986566
217.9394         5.98388
222.4755         5.98388
227.0117        6.648755
227.0117        6.981193
233.8159        7.978506
242.8882        8.643382
244.0222        8.643382
247.4243        9.640695
254.2285        10.63801
258.7646        11.30288
264.4348        11.63532
263.3008        11.30288
263.3008         12.3002
266.7029        13.96239
272.3731        13.96239
272.3731        14.62726
 268.971        13.96239
264.4348        13.96239
263.3008        13.96239
266.7029        14.62726
 271.239        15.95701
 271.239        16.62189
276.9092        19.28139
283.7134        19.28139
285.9815        17.95164
285.9815         17.6192
292.7857        18.28408
293.9197        18.28408
296.1878        19.28139
299.5899        19.61383
303.6176        20.94358
304.9888         20.2787
311.8445        19.28139
309.1022        19.28139
309.1022        18.61651
304.9888        19.28139
309.1022        21.27602
313.2157        22.27333
322.8137        21.94089
322.8137        20.94358
328.2983        21.60845
336.5253        22.27333
347.4945        22.60577
337.8964        19.94627
332.4118        21.27602
 333.783        22.27333
332.4118        23.93552
339.2676        25.59771
344.7522        23.60308
335.1541        23.60308
317.3291        22.93821
322.8137        22.27333
331.0407        23.60308
336.5253        23.60308
328.2983        23.27064
329.6695        21.60845
332.4118        22.27333
335.1541        21.94089
 343.381        23.60308
350.2368        24.26796
357.0926        24.60039
362.5772        24.93283
 361.206        21.60845
368.0618        22.60577
370.8041        24.26796
377.6599        25.26527
374.9175        24.26796
376.2887        25.26527
385.8868        23.60308
390.0002        24.26796
 379.031        24.93283
380.4022        25.26527
370.8041        23.60308
377.6599        25.26527
395.4848        26.92746
 396.856        26.59502
387.2579        25.93015
376.2887        26.59502
 379.031        26.26258
387.2579        28.25721
383.1445        27.59233
381.7733         27.2599
 379.031        24.60039
380.4022        24.93283
387.2579        25.93015
387.2579        25.59771
 379.031        26.26258
373.5464        26.59502
377.6599        25.59771
380.4022        25.26527
381.7733        25.59771
387.2579         27.2599
383.1445        25.93015
 379.031        25.26527
377.6599        23.93552
385.8868        25.93015
387.2579        25.93015
390.0002        25.93015
402.4306        26.26258
 408.126        24.93283
406.7021        26.26258
409.5498        26.92746
415.2452        26.92746
419.5168        26.26258
413.8214        25.59771
410.9737        25.93015
412.3975        26.92746
416.6691         27.2599
415.2452        25.93015
413.8214        24.60039
413.8214        25.26527
418.0929        24.26796
416.6691        25.26527
405.2783        25.59771
406.7021        26.59502
409.5498        25.26527
406.7021        24.26796
 408.126        25.59771
413.8214         27.2599
406.7021        25.93015
391.3714         27.2599
383.1445        27.59233
385.8868        26.26258
380.4022        28.58965
370.8041         29.9194
365.3195        27.92477
350.2368        27.92477
337.8964        26.59502
329.6695        26.92746
310.4734        28.92209
293.9197        28.25721
284.8474        29.25452
278.0432        26.26258
263.3008        25.59771
250.8264        26.26258
247.4243        23.93552
 238.352        25.26527
224.7436        23.60308
216.8054        23.93552
 204.331        23.27064
 203.197        21.94089
182.9774        21.27602
184.0987         20.2787
168.4003        21.94089
154.9445         20.2787
147.0953        18.61651
133.6395        16.62189
121.3051        16.62189
114.5772        16.62189
 106.728        15.62457
94.68093         14.9597
86.17028        13.62995
 79.7873        11.96776
73.40432        11.96776
67.02133        11.96776
58.51069        11.30288
48.93621        9.973133
42.55323        9.640695
37.23407        8.643382
29.78726        7.313631
23.40427        7.313631
19.14895        6.648755
17.02129        5.319004
15.95746        3.656815
 13.8298        3.989253
11.70214        3.656815
9.574476        3.324378
9.574476         2.99194
6.382984        3.324378
7.446815        3.324378
6.382984        2.659502
3.191492        2.659502
4.255323        2.659502
3.191492        2.327064
       0        0.332438
       0               0
       0               0
9.574476               0
26.59577               0
47.87238               0
55.31919               0
60.63835               0
68.08516        0.332438
74.46815        0.332438
78.72347        0.332438
91.48944        0.332438
 103.364        0.332438
117.9411        0.332438
139.2461        0.664876
152.7019        0.664876
 167.279        0.997313
182.9774        1.329751
193.0693        1.329751
208.8671        1.994627
215.6713        2.659502
217.9394        3.324378
220.2075        3.324378
223.6096        3.989253
228.1457        4.321691
225.8776        4.654129
222.4755        5.319004
224.7436        5.319004
228.1457        6.316317
227.0117        6.316317
227.0117        6.981193
231.5478        7.646068
 236.084        8.310944
 238.352        8.643382
247.4243        9.640695
254.2285        10.30557
261.0327        10.63801
261.0327        11.30288
264.4348         12.3002
266.7029        12.63264
265.5689        13.29751
 268.971        13.96239
 268.971        14.62726
265.5689        13.96239
264.4348        14.62726
259.8987        13.96239
273.5071        16.62189
280.3113        18.28408
281.4453        17.28676
278.0432        16.95433
287.1155        18.28408
296.1878        17.95164
297.3218        18.28408
298.4559        19.28139
300.8753        18.94895
310.4734        19.94627
 315.958        21.27602
 315.958        21.60845
318.7003         20.2787
311.8445        19.61383
307.7311        19.28139
314.5868        19.94627
320.0714        21.27602
318.7003        19.28139
324.1849        21.94089
329.6695        22.93821
337.8964        24.60039
332.4118        23.27064
 325.556        21.27602
318.7003         20.2787
322.8137        21.60845
336.5253        23.27064
335.1541        22.93821
332.4118        22.93821
314.5868        21.60845
329.6695        24.93283
342.0099        26.26258
335.1541        22.60577
 333.783        23.27064
 333.783        21.94089
331.0407        22.93821
 333.783        23.93552
342.0099        23.93552
 343.381        23.27064
 343.381        23.60308
347.4945        24.60039
347.4945        25.59771
351.6079        26.26258
357.0926        23.93552
362.5772        23.60308
365.3195        21.94089
365.3195        24.93283
372.1752        25.59771
370.8041        23.93552
373.5464        24.26796
377.6599        23.60308
380.4022        24.60039
377.6599        24.93283
373.5464        23.93552
368.0618        22.93821
377.6599        26.26258
377.6599        28.25721
387.2579        26.26258
395.4848        24.60039
380.4022        23.27064
377.6599        25.26527
381.7733        25.93015
390.0002        26.26258
392.7425        24.93283
392.7425        23.93552
391.3714        25.26527
383.1445        25.26527
391.3714        24.93283
394.1137        25.26527
 396.856        25.59771
392.7425        26.92746
394.1137        25.93015
390.0002        26.59502
 396.856        26.92746
406.7021        24.93283
410.9737        24.93283
410.9737        24.93283
399.5983        26.26258
409.5498        26.92746
415.2452        26.92746
419.5168        24.60039
428.0599        26.59502
420.9406        27.59233
422.3645        27.59233
423.7883        28.58965
423.7883        27.59233
416.6691        24.93283
422.3645        25.59771
425.2122        25.59771
409.5498        25.26527
413.8214        26.59502
428.0599        25.59771
433.7553        27.59233
428.0599        25.93015
432.3314        25.93015
425.2122        25.93015
420.9406        26.92746
429.4837        26.26258
423.7883        25.93015
428.0599        25.59771
438.0268        24.93283
413.8214        26.26258
405.2783        27.92477
399.5983        30.25184
403.8544        27.92477
395.4848        29.25452
380.4022        28.92209
377.6599        29.25452
342.0099        30.25184
326.9272        28.58965
337.8964        27.59233
324.1849        26.92746
302.2464        28.25721
288.2495        29.25452
276.9092        26.26258
259.8987        27.92477
250.8264        25.59771
254.2285        24.26796
221.3415        25.26527
213.4033        25.26527
206.5991         27.2599
186.3414        21.94089
187.4627        21.27602
175.1282        21.27602
 170.643        19.61383
153.8232        20.61114
150.4593        17.95164
140.3674        17.95164
130.2756        17.28676
130.2756        17.28676
119.0624        16.62189
108.9706        15.29214
100.0001        13.96239
94.68093        13.29751
86.17028        12.96507
81.91496         12.3002
74.46815        10.97045
63.82984        10.30557
59.57452        9.640695
53.19153        8.310944
43.61706        8.310944
 38.2979        7.646068
31.91492        6.648755
26.59577        5.651442
26.59577        4.654129
22.34044        3.989253
19.14895        3.989253
20.21278        3.656815
19.14895        2.659502
14.89363        3.324378
17.02129         2.99194
15.95746        2.327064
 13.8298        2.327064
14.89363        2.327064
 13.8298        1.994627
10.63831        2.659502
10.63831        2.327064
8.510645        1.662189
6.382984        2.327064
5.319153        2.327064
3.191492        1.329751
1.063831        1.994627
1.063831        1.662189
       0        0.332438
       0               0
       0               0
 13.8298               0
35.10641               0
45.74472               0
54.25536               0
58.51069               0
63.82984               0
73.40432               0
82.97879               0
89.36178        0.332438
102.2427               0
119.0624        0.664876
130.2756        0.664876
 149.338        0.664876
162.7937        0.997313
177.3708        0.997313
191.9479        1.662189
199.7972        1.994627
206.5991        2.659502
212.2692         2.99194
215.6713        3.324378
220.2075        3.656815
223.6096        4.321691
221.3415        4.321691
223.6096        5.319004
224.7436        5.319004
219.0734        5.319004
220.2075        6.316317
223.6096        6.648755
232.6819        7.978506
239.4861        7.978506
242.8882        8.975819
249.6924        9.640695
251.9604        9.973133
257.6306        11.30288
264.4348         12.3002
267.8369         12.3002
267.8369        13.62995
 268.971        13.96239
 268.971        14.62726
264.4348        14.29482
262.1668        14.62726
267.8369         14.9597
 268.971         14.9597
 270.105        16.62189
273.5071        16.95433
273.5071         17.6192
278.0432         17.6192
285.9815        18.61651
291.6516        18.61651
291.6516        17.95164
297.3218        18.28408
306.3599        18.28408
307.7311        18.94895
309.1022        20.61114
318.7003         20.2787
317.3291        20.94358
320.0714         20.2787
320.0714        20.61114
313.2157        19.61383
318.7003        22.60577
328.2983        22.27333
 333.783        22.93821
340.6387        19.94627
328.2983        21.94089
 325.556        21.60845
331.0407        22.93821
336.5253        22.60577
342.0099        24.93283
337.8964        23.60308
329.6695        24.60039
331.0407        23.27064
326.9272        21.94089
331.0407        23.93552
335.1541        25.26527
337.8964        25.26527
335.1541        23.27064
326.9272        23.93552
328.2983        23.60308
328.2983        22.27333
335.1541        22.27333
 343.381        24.26796
350.2368        23.60308
344.7522        24.60039
348.8656        23.93552
348.8656        25.93015
348.8656        25.26527
348.8656        25.26527
347.4945        25.93015
355.7214        24.60039
357.0926        23.93552
357.0926        23.93552
 361.206        22.93821
377.6599        25.59771
394.1137        25.26527
394.1137        24.93283
376.2887        24.60039
390.0002         27.2599
 396.856        25.93015
406.7021        24.93283
 408.126        24.60039
390.0002        23.60308
387.2579        26.92746
401.0067        25.26527
410.9737        26.26258
416.6691        24.93283
422.3645        24.60039
418.0929        24.93283
403.8544        23.93552
405.2783         27.2599
418.0929        26.92746
412.3975        26.26258
413.8214         27.2599
413.8214        28.58965
 408.126        26.92746
412.3975        27.92477
425.2122         27.2599
432.3314         27.2599
430.9076        27.59233
432.3314        27.59233
433.7553        23.93552
 426.636        28.25721
432.3314        29.25452
430.9076        27.59233
423.7883        28.92209
 426.636        27.59233
 426.636        24.60039
403.8544         27.2599
413.8214        27.92477
429.4837        27.59233
 426.636        26.59502
410.9737        26.59502
418.0929        26.26258
420.9406        26.26258
 426.636        25.26527
419.5168        27.59233
423.7883        25.93015
420.9406        27.59233
 408.126        26.26258
425.2122        26.92746
 436.603        25.93015
435.1791        24.93283
438.0268        26.26258
420.9406        26.92746
410.9737        28.25721
 396.856        31.58159
 408.126        29.58696
413.8214        26.92746
394.1137        24.93283
384.5156        29.58696
357.0926         32.5789
363.9483        28.92209
374.9175        28.92209
350.2368        26.59502
331.0407        28.58965
318.7003        28.25721
314.5868        24.60039
302.2464        25.59771
293.9197         27.2599
282.5794        26.59502
 268.971        26.92746
263.3008        25.26527
245.1562        25.59771
233.8159        24.26796
227.0117        24.26796
213.4033        24.26796
 204.331        21.94089
186.3414        22.27333
179.6135        19.28139
 170.643         20.2787
159.4298        18.94895
154.9445        19.28139
142.6101        18.61651
132.5182        18.61651
126.9117         17.6192
116.8198        15.95701
108.9706        15.62457
101.1214         14.9597
92.55327        14.62726
82.97879        13.29751
77.65964         12.3002
67.02133        12.63264
60.63835        10.30557
54.25536        9.308257
46.80855        9.308257
40.42557        9.640695
36.17024        8.310944
 27.6596        7.646068
24.46811        5.319004
22.34044        3.989253
18.08512        3.656815
19.14895        3.656815
18.08512         2.99194
12.76597        3.324378
15.95746        3.324378
 13.8298        2.327064
8.510645        2.327064
11.70214        2.659502
10.63831        2.327064
5.319153        2.659502
9.574476        2.327064
7.446815        1.994627
       0        1.994627
2.127661        1.994627
       0        0.664876
       0               0
       0               0
11.70214               0
34.04258               0
45.74472               0
55.31919               0
64.89367               0
70.21282               0
74.46815               0
84.04262               0
 93.6171               0
105.6067        0.332438
120.1838        0.332438
135.8822        0.332438
153.8232        0.664876
168.4003        0.997313
180.7348        1.329751
193.0693        1.329751
 204.331        1.994627
212.2692        2.659502
217.9394         2.99194
220.2075        3.656815
220.2075        3.989253
224.7436        4.321691
223.6096        4.654129
224.7436        4.986566
224.7436         5.98388
217.9394         5.98388
217.9394        6.648755
223.6096        6.981193
227.0117        7.646068
229.2797        7.646068
 237.218        8.975819
241.7541        9.640695
 238.352        8.975819
251.9604        9.973133
259.8987        11.30288
263.3008        11.30288
266.7029        12.96507
267.8369        13.96239
275.7752         14.9597
276.9092        16.28945
274.6411        15.62457
275.7752        15.62457
278.0432        16.95433
275.7752        18.61651
 271.239        17.28676
 270.105        16.95433
275.7752         17.6192
284.8474        17.95164
290.5176        19.61383
295.0538        19.28139
302.2464        19.28139
310.4734        19.94627
320.0714        21.60845
331.0407        22.60577
328.2983        23.93552
 325.556        24.60039
321.4426        24.26796
331.0407        23.27064
322.8137        22.60577
326.9272        22.60577
332.4118        22.93821
339.2676        24.60039
337.8964        23.93552
342.0099        24.93283
344.7522        25.26527
352.9791        24.93283
344.7522        23.93552
 343.381        24.26796
355.7214        26.26258
351.6079        24.93283
347.4945        27.59233
351.6079        24.93283
351.6079        24.26796
347.4945        25.93015
354.3503        24.60039
342.0099        23.93552
342.0099        25.26527
346.1233        23.93552
351.6079        24.60039
355.7214        25.26527
357.0926        25.26527
358.4637        24.26796
357.0926        24.60039
366.6906        26.26258
373.5464        25.59771
373.5464         27.2599
373.5464        24.60039
376.2887        26.26258
381.7733        27.59233
 396.856        26.26258
394.1137        24.93283
 396.856         27.2599
403.8544         27.2599
401.0067        26.92746
405.2783        27.92477
416.6691        26.26258
416.6691        25.93015
 408.126        26.92746
406.7021         29.9194
392.7425        28.58965
391.3714        27.92477
392.7425        28.25721
406.7021        27.59233
409.5498        24.93283
 408.126        27.92477
418.0929        28.58965
433.7553        28.58965
 426.636        26.92746
420.9406        28.25721
419.5168        29.25452
429.4837        27.59233
420.9406        25.59771
423.7883        27.59233
435.1791        29.25452
430.9076         29.9194
 426.636        29.58696
430.9076        30.91671
438.0268        27.92477
439.4507        26.92746
442.2984        28.25721
449.4176         29.9194
446.5699        31.24915
446.5699        31.24915
440.8745        29.58696
433.7553        29.25452
446.5699        28.25721
438.0268        26.59502
440.8745        29.58696
443.7222         29.9194
447.9938         27.2599
450.8415        28.58965
453.6892        27.92477
446.5699        28.92209
446.5699        30.58427
453.6892        30.58427
447.9938         27.2599
449.4176        28.25721
456.5369        28.58965
449.4176        27.92477
450.8415        27.92477
446.5699        29.58696
438.0268        28.58965
438.0268        29.25452
438.0268        30.25184
439.4507        29.58696
428.0599        30.25184
422.3645        27.59233
423.7883        27.59233
409.5498        29.25452
412.3975        29.25452
395.4848        29.58696
372.1752        30.25184
369.4329        29.25452
 361.206        26.59502
351.6079        26.92746
 333.783         29.9194
324.1849        28.25721
313.2157        29.58696
291.6516        28.25721
279.1773        26.59502
275.7752        26.26258
264.4348        23.93552
251.9604        24.26796
245.1562        23.93552
 238.352        23.60308
222.4755        21.94089
216.8054        21.60845
200.9289        22.27333
190.8266        20.61114
184.0987        19.61383
171.7643        18.94895
161.6724        18.28408
159.4298        17.95164
148.2166        16.95433
139.2461        16.28945
130.2756        15.29214
120.1838         14.9597
110.0919        13.62995
100.0001        12.96507
91.48944        11.96776
80.85113        11.30288
73.40432        10.63801
68.08516        9.973133
61.70218        8.975819
53.19153        9.308257
44.68089        8.975819
37.23407        8.643382
29.78726        7.646068
23.40427        6.648755
23.40427        5.319004
20.21278        4.321691
18.08512        4.321691
19.14895        3.656815
15.95746        3.324378
14.89363         2.99194
15.95746        2.659502
 13.8298        2.659502
 13.8298        2.659502
 13.8298        2.659502
12.76597        2.659502
11.70214        2.659502
9.574476        2.659502
7.446815        2.659502
5.319153        2.659502
3.191492        2.327064
1.063831        1.994627
1.063831        1.662189
       0        0.332438
       0               0
       0               0
10.63831               0
34.04258               0
47.87238               0
58.51069        0.332438
62.76601        0.332438
69.14899        0.332438
74.46815        0.332438
80.85113        0.332438
90.42561        0.664876
94.68093        0.664876
108.9706        0.664876
123.5477        0.997313
140.3674        0.997313
157.1872        0.997313
171.7643        1.329751
185.2201        1.662189
197.5545        1.994627
 205.465        2.659502
212.2692        3.324378
216.8054        3.324378
220.2075        3.656815
222.4755        4.654129
217.9394        4.654129
217.9394        5.651442
212.2692        5.651442
212.2692        6.316317
216.8054        6.316317
215.6713        6.648755
221.3415        7.313631
230.4138        7.978506
231.5478        8.310944
244.0222        8.975819
247.4243        8.975819
256.4966        10.30557
267.8369        12.63264
267.8369        11.96776
275.7752        13.96239
276.9092        12.96507
267.8369        14.29482
265.5689        14.62726
264.4348         14.9597
261.0327         14.9597
261.0327        14.62726
259.8987        15.62457
259.8987        16.28945
265.5689        15.62457
275.7752        17.28676
284.8474         17.6192
290.5176         17.6192
297.3218        18.94895
304.9888         20.2787
326.9272        22.93821
 333.783        23.60308
332.4118        23.27064
340.6387        24.26796
342.0099        23.60308
340.6387        24.60039
 343.381        25.26527
342.0099        25.59771
348.8656         27.2599
347.4945        26.26258
359.8349        26.92746
 361.206         27.2599
366.6906        26.59502
362.5772        24.93283
362.5772        25.93015
369.4329        25.59771
369.4329        25.93015
377.6599        28.25721
385.8868         27.2599
376.2887        26.92746
374.9175        26.59502
374.9175        26.92746
383.1445        26.92746
387.2579         27.2599
380.4022        27.59233
372.1752         27.2599
 379.031        29.25452
376.2887        27.92477
387.2579        25.26527
395.4848        25.59771
403.8544        24.93283
399.5983        26.92746
399.5983         29.9194
412.3975        28.25721
405.2783         27.2599
399.5983         27.2599
412.3975        27.92477
423.7883        26.92746
423.7883        26.59502
428.0599        29.25452
432.3314        26.92746
438.0268        30.91671
 436.603        29.25452
443.7222        30.25184
446.5699        27.92477
443.7222        27.92477
450.8415        30.25184
450.8415        30.91671
447.9938        30.58427
453.6892        28.25721
445.1461        27.92477
447.9938        28.58965
446.5699        29.25452
443.7222         29.9194
447.9938        29.58696
453.6892        27.92477
457.9608        29.58696
456.5369        30.25184
470.7754         29.9194
470.7754        27.92477
456.5369        29.25452
459.3846        31.24915
 475.047        30.91671
 475.047        30.25184
469.3516        29.58696
472.1993        31.24915
470.7754         29.9194
467.9277         29.9194
466.5039        30.58427
476.4708        30.58427
479.3185        29.25452
482.1662         29.9194
483.5901        30.91671
482.1662        29.58696
477.8947         29.9194
482.1662        30.91671
492.1332        29.58696
492.1332        29.58696
490.7093         29.9194
496.4047         29.9194
492.1332        30.58427
480.7424        30.25184
480.7424        31.58159
486.4378         29.9194
486.4378        27.92477
480.7424        26.59502
482.1662        30.58427
485.0139         29.9194
476.4708        29.58696
476.4708        30.58427
486.4378        28.92209
487.8616        27.59233
480.7424        30.58427
472.1993        31.24915
435.1791        33.24378
435.1791        33.24378
453.6892        33.24378
440.8745        27.59233
415.2452        32.24646
385.8868        32.24646
381.7733        32.24646
401.0067        29.25452
392.7425         27.2599
362.5772        33.24378
347.4945         32.5789
351.6079        31.24915
339.2676        26.26258
 325.556        28.58965
318.7003        29.25452
303.6176        27.59233
297.3218        27.59233
289.3836        25.26527
275.7752        26.59502
274.6411        26.59502
272.3731        25.59771
261.0327        25.26527
248.5583        25.93015
 236.084        24.60039
225.8776        23.27064
221.3415        23.27064
210.0012        21.94089
199.7972        21.60845
190.8266        20.94358
181.8561        19.61383
171.7643        18.28408
165.0364        18.94895
152.7019        18.28408
141.4888        17.28676
130.2756        16.28945
117.9411         14.9597
108.9706        13.96239
96.80859        13.62995
89.36178        12.96507
 79.7873        11.63532
70.21282         12.3002
63.82984        11.30288
55.31919        10.97045
48.93621        10.63801
 41.4894        9.973133
32.97875        9.308257
25.53194        8.643382
24.46811        7.978506
22.34044        6.648755
19.14895         5.98388
21.27661        6.648755
18.08512        5.319004
17.02129         5.98388
17.02129        3.989253
14.89363        3.324378
14.89363        3.656815
15.95746        3.324378
 13.8298        3.324378
12.76597        3.656815
 13.8298        3.656815
9.574476         2.99194
7.446815         2.99194
8.510645        2.659502
5.319153        2.327064
5.319153         2.99194
4.255323        3.324378
1.063831        2.327064
1.063831        1.994627
1.063831        1.662189
       0        0.664876
       0               0
       0               0
11.70214               0
31.91492               0
50.00004        0.332438
58.51069        0.332438
62.76601        0.332438
68.08516        0.664876
71.27665        0.332438
75.53198        0.332438
85.10645        0.332438
94.68093        0.664876
105.6067        0.664876
126.9117        0.664876
142.6101        0.997313
159.4298        0.997313
172.8856        1.329751
187.4627        1.329751
199.7972        1.994627
208.8671        2.327064
213.4033         2.99194
217.9394        3.656815
221.3415        3.989253
219.0734        4.321691
219.0734        4.654129
221.3415        5.319004
217.9394        5.651442
212.2692         5.98388
214.5373        6.648755
217.9394        7.313631
222.4755        7.313631
231.5478        7.646068
 237.218        8.643382
245.1562        9.308257
247.4243        8.975819
253.0945        10.63801
258.7646        11.30288
258.7646        11.63532
265.5689        12.96507
 270.105        14.29482
 270.105        14.29482
263.3008        14.62726
265.5689        15.62457
261.0327        13.62995
263.3008        14.62726
263.3008         14.9597
272.3731        16.28945
278.0432        15.95701
281.4453        17.95164
290.5176        19.61383
295.0538        19.94627
303.6176        19.94627
311.8445         20.2787
321.4426        23.27064
332.4118        23.93552
339.2676        24.26796
331.0407        23.60308
337.8964        25.26527
340.6387        24.93283
337.8964        24.93283
347.4945        27.59233
351.6079        27.92477
357.0926        25.93015
358.4637        24.93283
369.4329        25.93015
368.0618        26.92746
363.9483        26.26258
376.2887        29.25452
380.4022        27.59233
376.2887        26.92746
385.8868        26.59502
388.6291        27.59233
395.4848        26.92746
390.0002        26.92746
392.7425        25.93015
394.1137        26.92746
391.3714        27.59233
 396.856        28.92209
399.5983        26.92746
406.7021        26.59502
412.3975        26.59502
402.4306        24.93283
403.8544        28.58965
410.9737        27.92477
410.9737        27.92477
413.8214        27.92477
423.7883        28.92209
423.7883        28.92209
416.6691        26.26258
422.3645        28.58965
418.0929        29.58696
419.5168         27.2599
422.3645        28.58965
420.9406         29.9194
429.4837        31.58159
452.2653         29.9194
457.9608        26.26258
445.1461        28.25721
429.4837        28.92209
429.4837        31.91402
433.7553        27.92477
435.1791         27.2599
433.7553        27.92477
435.1791         29.9194
439.4507        28.58965
452.2653        27.92477
450.8415        27.92477
457.9608        28.58965
450.8415        30.25184
453.6892        30.58427
457.9608        29.25452
440.8745        28.58965
453.6892         32.5789
466.5039        28.92209
456.5369        27.59233
449.4176        29.25452
  465.08         29.9194
472.1993         27.2599
469.3516        27.92477
470.7754        31.24915
476.4708        32.24646
466.5039         32.5789
466.5039        28.92209
477.8947        28.92209
477.8947        27.92477
479.3185        32.24646
473.6231         29.9194
469.3516        31.24915
472.1993        30.58427
477.8947         29.9194
482.1662        27.92477
480.7424        29.58696
485.0139        29.58696
490.7093        29.25452
494.9809         29.9194
490.7093        31.24915
487.8616        30.91671
482.1662         29.9194
483.5901        28.92209
485.0139        29.25452
486.4378        29.58696
486.4378         29.9194
486.4378        29.25452
486.4378        29.25452
469.3516        31.58159
456.5369        34.24109
467.9277        30.58427
  465.08        29.58696
455.1131        30.25184
453.6892        31.24915
438.0268        30.91671
409.5498        34.24109
406.7021        33.24378
415.2452        29.58696
395.4848        31.24915
369.4329        32.91134
350.2368        33.57621
357.0926        31.24915
352.9791        28.92209
329.6695        28.58965
321.4426        30.91671
310.4734         29.9194
303.6176        28.25721
303.6176        28.58965
285.9815        28.58965
273.5071        27.59233
275.7752        24.93283
266.7029        24.60039
257.6306        22.60577
251.9604        25.26527
 238.352        23.93552
229.2797        23.60308
225.8776        21.94089
215.6713        22.60577
 205.465         20.2787
199.7972        19.94627
186.3414        19.61383
176.2495        18.94895
171.7643        18.61651
157.1872        18.28408
143.7314        17.28676
132.5182        16.95433
119.0624        15.62457
107.8493        15.95701
97.87242        15.62457
87.23411        13.29751
78.72347        12.63264
71.27665        12.63264
64.89367        11.96776
55.31919        10.63801
 52.1277        9.640695
43.61706        9.640695
32.97875        8.643382
26.59577        8.310944
26.59577        6.648755
23.40427        5.651442
21.27661        4.986566
20.21278        5.651442
17.02129        3.989253
17.02129        3.656815
17.02129        4.321691
 13.8298        4.321691
12.76597        3.656815
 13.8298        3.989253
11.70214        3.324378
11.70214        3.324378
12.76597        3.656815
8.510645        3.324378
7.446815         2.99194
7.446815         2.99194
3.191492        1.994627
4.255323        1.994627
4.255323        2.327064
       0        0.332438
       0               0
       0               0
5.319153               0
26.59577               0
44.68089               0
54.25536               0
59.57452               0
69.14899               0
72.34049        0.332438
77.65964        0.332438
88.29794        0.664876
98.93625        0.664876
114.5772        0.664876
130.2756        0.664876
148.2166        0.664876
163.9151        0.997313
178.4922        1.329751
189.7053        1.662189
202.0629        1.994627
210.0012        2.659502
215.6713         2.99194
220.2075        3.656815
219.0734        3.989253
221.3415        4.321691
222.4755        4.986566
220.2075        4.986566
221.3415         5.98388
216.8054         5.98388
215.6713        6.648755
215.6713        6.316317
222.4755        7.646068
230.4138        7.646068
 237.218        8.310944
244.0222        9.308257
250.8264        9.973133
249.6924        10.30557
254.2285        11.63532
266.7029         12.3002
 268.971         12.3002
267.8369        13.96239
265.5689        12.96507
 271.239        15.29214
273.5071        15.95701
275.7752        16.62189
272.3731        15.62457
 271.239        16.62189
 271.239        16.95433
273.5071        16.62189
274.6411         17.6192
282.5794         17.6192
297.3218        19.94627
304.9888         20.2787
304.9888        18.61651
313.2157        22.27333
322.8137        21.94089
328.2983        22.60577
 333.783        23.60308
350.2368        26.92746
355.7214        27.59233
373.5464        24.60039
 361.206        25.93015
354.3503        25.59771
365.3195        27.92477
 361.206        25.93015
357.0926        28.25721
372.1752        28.25721
380.4022        27.92477
383.1445         27.2599
383.1445        27.59233
390.0002         27.2599
388.6291        26.59502
383.1445        26.59502
398.2271        27.59233
399.5983        27.92477
401.0067        29.25452
406.7021        29.58696
 408.126        30.25184
395.4848        24.93283
395.4848        27.59233
405.2783         27.2599
390.0002        26.59502
 396.856        29.25452
403.8544         29.9194
 408.126        26.26258
416.6691        26.92746
418.0929        28.58965
425.2122        28.25721
416.6691        30.58427
405.2783        28.25721
413.8214        30.91671
415.2452         27.2599
425.2122        28.25721
418.0929        28.92209
433.7553        30.25184
438.0268        30.91671
435.1791        27.92477
452.2653         27.2599
443.7222        27.59233
446.5699        29.25452
460.8085        30.91671
457.9608        27.59233
445.1461        29.25452
450.8415        31.58159
457.9608         29.9194
466.5039        28.92209
457.9608        28.58965
466.5039        29.58696
476.4708        27.59233
  465.08        28.25721
467.9277         29.9194
445.1461        30.58427
445.1461        29.58696
455.1131         27.2599
455.1131        27.92477
456.5369        27.92477
472.1993        31.24915
485.0139         29.9194
483.5901        29.58696
485.0139        29.25452
 475.047        30.58427
479.3185        30.58427
487.8616         29.9194
489.2855        28.25721
490.7093        31.58159
492.1332        30.25184
 475.047        31.58159
487.8616        30.91671
502.1514        29.25452
497.8286        28.58965
499.2524        31.58159
  503.61        31.24915
 493.557         29.9194
496.4047        30.58427
499.2524        30.25184
505.0685        29.25452
502.1514        30.58427
497.8286        30.58427
486.4378        30.58427
487.8616        31.24915
494.9809        30.25184
499.2524        28.92209
499.2524        30.25184
497.8286        31.24915
494.9809        30.58427
499.2524        30.91671
480.7424        31.58159
477.8947        31.91402
479.3185        31.24915
477.8947         29.9194
462.2323        31.91402
459.3846        32.24646
449.4176        31.91402
432.3314        31.91402
416.6691        34.24109
418.0929        31.24915
412.3975        33.24378
392.7425        32.91134
385.8868        31.58159
377.6599        29.58696
362.5772         29.9194
355.7214         29.9194
348.8656        29.25452
329.6695        28.58965
314.5868        28.92209
317.3291        27.59233
307.7311        26.92746
296.1878        26.26258
292.7857         27.2599
278.0432        26.92746
267.8369        25.59771
263.3008        24.93283
248.5583        23.27064
 237.218        22.93821
232.6819        21.94089
220.2075        21.60845
213.4033        21.60845
 204.331        20.94358
194.1906        20.61114
182.9774        19.28139
174.0069        18.61651
162.7937        17.95164
 149.338        18.28408
137.0035         17.6192
129.1543        16.28945
116.8198        14.62726
105.6067        13.62995
97.87242        12.96507
85.10645        13.62995
76.59581        12.63264
74.46815         12.3002
 65.9575        10.63801
61.70218        9.973133
58.51069        9.308257
48.93621        9.973133
43.61706        9.308257
39.36173        9.308257
29.78726        8.643382
30.85109        6.648755
26.59577        6.316317
22.34044        7.313631
23.40427        6.316317
22.34044        5.319004
17.02129        4.986566
18.08512        4.986566
17.02129        4.321691
15.95746        3.989253
15.95746        4.321691
15.95746        4.321691
 13.8298        4.321691
14.89363        4.321691
 13.8298        3.989253
8.510645        3.989253
9.574476        3.656815
7.446815         2.99194
5.319153        3.656815
6.382984        3.324378
4.255323        3.324378
1.063831        3.324378
2.127661         2.99194
1.063831        2.659502
       0        0.332438
       0               0
       0               0
1.063831        0.664876
22.34044        0.664876
40.42557        0.332438
55.31919        0.332438
59.57452        0.332438
64.89367        0.664876
72.34049        0.664876
76.59581        0.664876
81.91496        0.664876
95.74476        0.664876
 106.728        0.664876
123.5477        0.664876
141.4888        0.997313
157.1872        0.997313
174.0069        1.329751
 188.584        1.662189
198.6758        1.994627
207.7331        2.659502
215.6713        3.324378
215.6713        3.656815
219.0734        3.656815
221.3415        4.321691
220.2075        4.654129
220.2075        4.986566
219.0734        5.651442
215.6713        5.651442
215.6713        6.648755
219.0734        6.981193
222.4755        7.313631
227.0117        7.978506
232.6819        7.978506
239.4861        8.643382
249.6924        9.640695
256.4966        9.973133
264.4348        10.97045
265.5689         12.3002
 268.971        13.29751
280.3113        14.62726
282.5794        15.29214
278.0432        15.29214
274.6411        15.29214
273.5071        15.95701
265.5689        15.95701
258.7646        15.29214
267.8369        15.29214
265.5689        15.29214
 268.971        16.95433
287.1155        19.28139
282.5794        18.94895
282.5794        18.61651
304.9888        18.61651
 315.958        21.27602
331.0407        21.94089
337.8964        21.94089
342.0099        23.27064
 343.381         27.2599
352.9791        28.25721
363.9483        28.25721
365.3195        25.93015
365.3195        24.26796
366.6906         27.2599
383.1445        28.25721
395.4848        27.59233
402.4306        26.59502
392.7425         27.2599
398.2271        30.25184
 408.126        29.58696
420.9406        26.92746
418.0929        25.93015
418.0929        28.92209
419.5168        29.25452
 426.636        28.58965
425.2122        28.92209
419.5168        26.26258
418.0929        29.58696
430.9076        28.58965
433.7553        29.25452
429.4837        30.91671
425.2122         29.9194
 426.636         27.2599
419.5168        28.25721
423.7883        29.58696
435.1791         29.9194
 436.603        29.25452
447.9938         27.2599
446.5699        31.24915
446.5699        30.58427
453.6892        30.58427
450.8415        28.58965
452.2653        29.58696
450.8415        29.58696
460.8085         29.9194
452.2653         29.9194
449.4176        32.24646
453.6892        33.57621
473.6231        33.90865
473.6231        28.25721
469.3516        28.58965
466.5039        27.59233
462.2323        30.91671
472.1993         32.5789
472.1993        27.59233
455.1131        30.25184
463.6562        29.25452
479.3185        29.58696
482.1662        28.92209
483.5901        32.24646
490.7093        30.25184
480.7424         29.9194
483.5901         32.5789
476.4708        32.91134
479.3185        29.58696
467.9277        31.58159
 475.047        30.91671
497.8286        31.24915
490.7093        30.25184
 493.557        30.25184
  503.61        30.91671
492.1332        31.24915
 493.557        31.91402
499.2524         32.5789
490.7093        31.91402
494.9809        31.91402
509.4443        31.24915
515.2786        30.58427
519.6544        30.91671
525.4887        31.91402
518.1958        30.25184
512.3615        31.24915
515.2786        32.91134
525.4887        32.91134
 521.113        30.58427
  513.82        31.91402
515.2786        32.91134
506.5271        30.58427
  503.61         32.5789
506.5271        32.24646
510.9029        30.25184
512.3615        30.25184
515.2786        30.25184
516.7372        31.58159
  513.82        32.24646
502.1514        30.91671
490.7093        33.24378
492.1332        33.90865
486.4378        31.91402
485.0139        32.24646
492.1332         32.5789
482.1662        31.58159
466.5039         32.5789
462.2323        32.91134
452.2653        32.91134
442.2984         32.5789
438.0268        32.91134
413.8214         32.5789
395.4848         32.5789
395.4848        30.91671
394.1137         29.9194
370.8041        30.58427
357.0926        33.24378
355.7214        31.24915
355.7214        27.92477
335.1541        27.59233
326.9272        28.25721
318.7003        27.59233
302.2464        26.92746
298.4559        26.92746
289.3836        25.26527
278.0432        25.26527
 271.239        25.59771
259.8987        23.60308
253.0945        23.93552
 238.352        23.60308
227.0117        22.60577
223.6096        20.94358
214.5373         20.2787
200.9289        19.61383
193.0693        19.61383
180.7348        19.28139
165.0364        18.61651
154.9445        16.62189
 145.974        16.62189
132.5182        15.62457
120.1838        15.62457
108.9706         14.9597
98.93625        13.62995
91.48944        12.63264
88.29794         12.3002
80.85113        11.96776
72.34049        11.30288
64.89367        11.30288
59.57452        9.973133
 52.1277        9.308257
50.00004        8.975819
43.61706        8.310944
 38.2979        7.646068
30.85109        7.978506
26.59577        6.981193
25.53194        5.319004
22.34044         5.98388
19.14895        5.651442
18.08512        4.654129
15.95746        5.319004
14.89363        5.651442
14.89363        3.989253
14.89363        4.654129
12.76597        4.321691
11.70214        3.989253
11.70214        4.321691
9.574476        3.989253
9.574476         2.99194
9.574476        3.324378
6.382984         2.99194
4.255323        2.659502
5.319153        2.659502
2.127661        2.659502
1.063831        2.327064
2.127661        1.994627
1.063831        1.994627
       0        0.997313
       0               0
       0               0
3.191492               0
3.191492               0
4.255323               0
21.27661               0
46.80855               0
57.44686               0
61.70218               0
70.21282               0
77.65964               0
80.85113               0
89.36178               0
100.0001               0
110.0919        0.332438
125.7903        0.332438
140.3674        0.332438
154.9445        0.997313
168.4003        0.997313
179.6135        1.662189
189.7053        1.662189
202.0629        1.994627
208.8671        2.327064
215.6713         2.99194
216.8054        3.324378
219.0734        3.989253
221.3415        4.654129
215.6713        4.654129
217.9394        5.319004
219.0734         5.98388
220.2075        6.316317
216.8054        6.316317
221.3415        6.648755
229.2797        7.313631
 238.352        7.646068
244.0222        8.643382
250.8264        9.308257
258.7646        9.973133
257.6306        9.640695
 268.971        11.63532
274.6411        11.96776
278.0432        14.62726
280.3113        14.29482
274.6411         14.9597
278.0432        15.62457
273.5071        14.62726
 271.239        14.62726
 270.105        15.29214
266.7029        14.29482
263.3008        13.96239
273.5071        17.28676
295.0538        19.61383
297.3218        20.94358
304.9888        18.94895
313.2157        19.61383
318.7003        18.61651
328.2983        19.94627
332.4118        21.60845
335.1541        22.60577
350.2368        24.26796
354.3503        24.60039
363.9483         27.2599
370.8041        27.92477
383.1445        26.59502
 379.031        26.92746
383.1445        26.26258
399.5983        29.25452
398.2271        28.58965
406.7021        29.25452
413.8214        31.24915
425.2122        29.25452
428.0599        29.25452
428.0599        29.25452
428.0599        29.25452
425.2122        27.92477
 436.603        28.92209
435.1791        30.25184
452.2653        30.91671
452.2653        29.25452
449.4176        29.58696
452.2653        29.25452
449.4176         29.9194
449.4176        30.25184
445.1461        30.58427
442.2984        30.91671
450.8415        29.25452
452.2653         29.9194
  465.08         29.9194
480.7424         29.9194
472.1993        30.58427
473.6231        30.58427
472.1993        31.24915
467.9277        32.24646
460.8085        31.24915
467.9277         32.5789
472.1993        29.58696
486.4378        31.58159
489.2855        32.24646
483.5901        29.25452
480.7424         32.5789
490.7093        31.24915
492.1332        31.24915
479.3185        29.25452
467.9277        33.57621
473.6231        37.23303
485.0139        32.91134
485.0139        28.58965
480.7424        29.58696
490.7093        30.58427
477.8947        29.58696
472.1993         32.5789
486.4378        30.58427
480.7424        30.91671
469.3516        30.58427
482.1662        32.24646
 493.557        34.90596
 493.557         29.9194
502.1514        29.58696
502.1514         29.9194
496.4047        31.91402
499.2524        32.91134
  503.61        33.24378
497.8286         29.9194
480.7424        32.91134
492.1332        33.24378
512.3615        31.58159
507.9857        30.58427
506.5271        31.91402
 521.113        36.56815
490.7093        30.91671
  503.61        33.90865
502.1514        30.91671
  503.61         32.5789
494.9809        34.24109
476.4708        30.25184
480.7424        31.58159
492.1332        31.91402
 493.557        30.91671
 493.557        31.91402
492.1332        31.58159
499.2524        31.24915
489.2855        32.24646
500.6928        31.58159
489.2855         32.5789
482.1662        31.58159
 493.557        33.90865
487.8616        30.25184
494.9809        29.25452
490.7093        32.91134
479.3185        33.90865
480.7424        34.57353
485.0139         32.5789
453.6892        34.57353
440.8745        37.56547
452.2653        36.23572
453.6892         29.9194
443.7222        33.24378
429.4837        34.24109
410.9737         35.2384
402.4306        32.91134
 396.856        34.57353
381.7733        33.24378
365.3195        34.57353
359.8349        31.91402
362.5772        29.25452
342.0099        29.25452
337.8964        31.91402
331.0407        31.91402
322.8137        28.25721
317.3291        28.58965
280.3113        30.25184
267.8369         29.9194
275.7752        28.25721
266.7029        24.93283
250.8264        24.60039
247.4243        25.59771
 238.352        22.93821
232.6819        23.60308
224.7436        22.93821
214.5373        22.27333
 205.465        20.94358
197.5545         20.2787
186.3414        19.94627
172.8856        18.94895
160.5511        18.28408
147.0953        17.95164
138.1248        16.62189
125.7903        16.28945
116.8198        15.29214
 106.728        14.29482
100.0001        13.96239
92.55327        12.96507
86.17028        12.63264
77.65964         12.3002
71.27665        11.96776
68.08516        9.973133
61.70218        10.30557
56.38303        9.640695
50.00004        9.640695
42.55323        8.643382
35.10641        8.975819
32.97875        6.648755
30.85109        6.316317
26.59577        5.319004
25.53194        4.986566
24.46811        4.654129
22.34044        3.989253
19.14895        3.989253
19.14895        3.989253
19.14895        3.324378
19.14895        3.656815
19.14895         2.99194
19.14895         2.99194
18.08512        3.324378
15.95746         2.99194
14.89363        2.659502
14.89363        2.659502
10.63831        2.659502
10.63831         2.99194
9.574476        2.659502
7.446815        2.659502
7.446815        2.327064
6.382984        2.327064
4.255323        1.662189
5.319153        1.994627
3.191492        2.659502
2.127661        0.997313
3.191492        0.997313
2.127661        1.329751
1.063831        0.997313
2.127661        1.329751
1.063831        1.329751
1.063831        0.997313
2.127661        1.329751
2.127661        1.662189
2.127661        0.997313
2.127661        0.997313
1.063831        0.997313
2.127661        0.332438
2.127661        1.329751
2.127661        0.664876
2.127661        0.664876
1.063831        0.664876
1.063831        0.997313
1.063831        0.997313
2.127661        0.997313
2.127661        0.997313
1.063831        1.329751
2.127661        1.329751
1.063831        1.329751
2.127661        0.997313
2.127661        0.997313
2.127661        1.329751
1.063831        1.329751
2.127661        1.329751
2.127661        1.329751
1.063831        1.329751
2.127661        0.997313
2.127661        1.662189
1.063831        0.997313
1.063831        1.329751
1.063831        1.662189
2.127661        0.332438
2.127661        0.664876
2.127661        0.664876
2.127661               0
       0               0
       0               0
18.08512               0
42.55323               0
55.31919               0
60.63835               0
71.27665               0
74.46815               0
 79.7873               0
91.48944               0
98.93625               0
111.2132               0
126.9117        0.332438
137.0035        0.332438
152.7019        0.332438
168.4003        0.664876
182.9774        0.997313
195.3119        1.662189
 204.331        1.994627
208.8671        2.327064
215.6713         2.99194
222.4755        3.324378
223.6096        3.989253
227.0117        4.321691
221.3415        4.321691
220.2075        5.319004
222.4755        5.319004
219.0734        5.651442
220.2075        6.316317
224.7436        6.981193
225.8776        7.313631
233.8159        7.978506
242.8882        8.310944
247.4243        8.975819
253.0945        9.973133
257.6306        10.63801
264.4348        11.96776
 270.105        11.96776
 270.105        13.29751
 270.105        12.96507
267.8369        12.63264
265.5689        13.29751
272.3731        15.29214
272.3731        15.29214
281.4453        14.29482
276.9092        15.29214
281.4453        15.62457
284.8474        17.28676
288.2495        17.28676
293.9197         17.6192
314.5868         20.2787
321.4426         20.2787
335.1541        20.94358
352.9791        21.60845
357.0926        22.93821
358.4637        24.93283
368.0618        26.59502
376.2887        26.59502
366.6906        27.59233
 379.031        27.59233
390.0002        27.59233
385.8868        25.59771
394.1137        28.58965
403.8544        28.58965
413.8214        29.58696
420.9406        30.25184
428.0599         29.9194
 426.636        27.59233
428.0599        27.92477
432.3314        28.92209
435.1791        28.58965
443.7222        31.91402
452.2653        30.25184
453.6892        29.58696
452.2653        28.92209
445.1461        28.58965
449.4176        29.58696
452.2653         29.9194
446.5699        28.92209
446.5699        29.58696
456.5369         29.9194
469.3516        29.58696
482.1662         29.9194
482.1662        29.25452
480.7424        31.58159
482.1662        32.24646
485.0139        33.24378
483.5901        31.91402
476.4708         29.9194
476.4708        30.91671
483.5901        32.24646
490.7093        30.58427
485.0139        33.24378
 493.557        35.57084
502.1514        33.57621
485.0139         29.9194
490.7093        31.24915
502.1514        31.24915
506.5271        30.91671
506.5271        31.58159
505.0685        30.91671
490.7093         32.5789
496.4047        32.91134
496.4047        31.58159
487.8616        30.58427
489.2855        33.24378
506.5271        29.58696
522.5715        30.91671
519.6544        32.91134
507.9857        33.24378
507.9857        31.91402
505.0685         32.5789
510.9029        31.58159
510.9029        31.91402
  513.82        31.91402
515.2786         32.5789
526.9473        31.58159
522.5715        33.90865
 538.616        36.23572
537.1574        32.24646
525.4887        33.24378
524.0301        34.90596
529.8645        34.57353
537.1574        32.91134
541.5331        34.24109
545.9089        32.91134
541.5331        33.24378
535.6988        35.57084
544.4503         35.2384
545.9089        32.24646
537.1574        32.91134
532.7816        34.24109
541.5331        35.90328
 538.616        34.24109
540.0745        32.24646
545.9089        34.24109
 538.616         32.5789
540.0745        34.57353
541.5331         32.5789
529.8645        35.57084
522.5715        34.90596
528.4059         35.2384
 531.323        31.91402
532.7816        34.24109
515.2786        32.91134
506.5271        36.56815
506.5271        33.24378
509.4443        32.91134
  503.61        33.57621
492.1332        35.90328
 493.557        34.57353
 475.047        34.24109
462.2323         35.2384
467.9277        35.90328
463.6562        33.57621
445.1461        36.23572
419.5168        34.90596
416.6691        34.24109
403.8544        31.91402
388.6291        34.57353
383.1445        32.24646
376.2887        31.91402
363.9483         32.5789
340.6387        32.91134
 333.783        31.91402
324.1849        28.92209
 315.958        28.58965
306.3599        27.59233
303.6176        27.59233
282.5794        28.92209
 271.239        29.25452
264.4348         27.2599
258.7646        25.26527
254.2285        23.60308
248.5583        24.26796
239.4861        23.93552
230.4138        24.60039
222.4755        22.60577
207.7331        21.94089
197.5545        21.27602
186.3414        20.61114
172.8856        18.94895
162.7937        19.28139
150.4593        17.95164
137.0035        17.28676
129.1543        16.28945
121.3051        15.62457
111.2132        14.29482
108.9706        14.62726
100.0001        13.96239
88.29794        13.62995
86.17028        12.63264
82.97879        10.63801
76.59581        10.63801
72.34049        11.30288
63.82984        10.63801
57.44686        10.63801
 52.1277        9.308257
44.68089        9.640695
37.23407        8.975819
29.78726        9.308257
22.34044        7.978506
20.21278        6.648755
19.14895         5.98388
15.95746        5.651442
 13.8298        5.319004
 13.8298        5.319004
12.76597        4.321691
9.574476        4.654129
11.70214        3.656815
11.70214        3.324378
9.574476        3.989253
9.574476        3.656815
10.63831        3.656815
9.574476        3.324378
7.446815        3.324378
6.382984         2.99194
4.255323         2.99194
4.255323        2.327064
1.063831        2.659502
1.063831        1.994627
1.063831        1.994627
       0        0.664876
       0               0
       0               0
21.27661               0
44.68089               0
56.38303               0
63.82984               0
70.21282               0
76.59581               0
81.91496               0
90.42561               0
95.74476        0.332438
 106.728        0.332438
119.0624        0.664876
129.1543        0.664876
 145.974        0.997313
158.3085        1.329751
 170.643        1.329751
186.3414        1.994627
194.1906        1.994627
 203.197        2.659502
212.2692         2.99194
216.8054        3.656815
220.2075        4.321691
220.2075        4.321691
220.2075        4.986566
220.2075        5.319004
217.9394        5.651442
217.9394        6.316317
217.9394        6.648755
217.9394        7.313631
222.4755        7.646068
230.4138        7.978506
 237.218        8.975819
245.1562        9.640695
249.6924        10.30557
254.2285        10.97045
258.7646        10.97045
261.0327        11.96776
263.3008        11.63532
265.5689         12.3002
276.9092         14.9597
279.1773        16.28945
273.5071         14.9597
278.0432        15.29214
 270.105        14.62726
266.7029        14.29482
273.5071        14.62726
275.7752        15.29214
292.7857        18.94895
309.1022        19.94627
309.1022        19.28139
328.2983        22.27333
346.1233        22.27333
350.2368        20.61114
363.9483        22.60577
 379.031        23.93552
383.1445        25.59771
392.7425        24.26796
398.2271        26.92746
409.5498        27.92477
412.3975        28.25721
425.2122        29.58696
429.4837        26.92746
429.4837        28.25721
443.7222        28.58965
  465.08        29.58696
469.3516        28.92209
466.5039        30.25184
485.0139        31.24915
 493.557        30.91671
 493.557        31.24915
496.4047        30.25184
507.9857        30.91671
496.4047        31.91402
492.1332        30.58427
500.6928        32.91134
500.6928         29.9194
  503.61        31.91402
507.9857        31.58159
506.5271        31.91402
509.4443        32.24646
519.6544        34.57353
522.5715         32.5789
525.4887        32.91134
518.1958        33.24378
  503.61        33.90865
507.9857        32.24646
506.5271        33.90865
  503.61        33.90865
518.1958        34.24109
524.0301        32.24646
522.5715        31.24915
529.8645        33.24378
534.2402        34.90596
534.2402        35.57084
525.4887        33.90865
525.4887        34.24109
535.6988        33.90865
 538.616         32.5789
535.6988        32.91134
534.2402        33.90865
542.9917        36.56815
547.3675        36.90059
537.1574        34.24109
545.9089        33.24378
545.9089         32.5789
547.3675        33.57621
 556.119        33.90865
 548.826        31.24915
544.4503        35.90328
553.2018        33.90865
557.5775         35.2384
 548.826        34.90596
551.7432        36.90059
559.0361        34.57353
553.2018         32.5789
 556.119        33.24378
569.2462         35.2384
567.7876        36.56815
557.5775        35.90328
560.4947        35.57084
550.2846        35.90328
560.4947        34.57353
572.1634        33.90865
576.5391        33.90865
588.2078        34.90596
580.9149        34.57353
560.4947        35.57084
561.9533        41.22228
570.7048        36.56815
560.4947        33.24378
551.7432        34.90596
 548.826        35.57084
 556.119        34.57353
561.9533        32.91134
 556.119        34.90596
554.6604        35.57084
554.6604        35.57084
550.2846        33.57621
544.4503        32.91134
541.5331        33.24378
545.9089        35.57084
557.5775        34.24109
553.2018        32.91134
 548.826        34.90596
 548.826        35.57084
 548.826         35.2384
559.0361        33.57621
 556.119        33.24378
550.2846        34.57353
 538.616        37.56547
  513.82        39.89253
500.6928        38.56278
505.0685        34.90596
496.4047        33.90865
492.1332        34.24109
479.3185        35.90328
446.5699        37.56547
440.8745        36.90059
445.1461        33.24378
438.0268        31.24915
422.3645        33.57621
416.6691        33.57621
401.0067        34.90596
384.5156         32.5789
384.5156        32.91134
376.2887        30.25184
365.3195         29.9194
366.6906        29.25452
358.4637        28.58965
 343.381        29.58696
332.4118         29.9194
 325.556        28.92209
321.4426        25.93015
317.3291        24.93283
314.5868        24.60039
299.5899        25.59771
283.7134        26.59502
276.9092        26.59502
263.3008        24.26796
247.4243        24.60039
234.9499        24.26796
229.2797        22.93821
212.2692        23.60308
199.7972        22.60577
194.1906        20.61114
193.0693        18.61651
 188.584        18.61651
181.8561        18.28408
171.7643        18.61651
163.9151        19.61383
153.8232        18.94895
144.8527        18.61651
137.0035        18.61651
125.7903        18.28408
115.6985        18.28408
 106.728        17.95164
97.87242        17.95164
88.29794        16.95433
81.91496        17.95164
71.27665        18.28408
62.76601        18.28408
57.44686        18.28408
48.93621        18.28408
45.74472        17.95164
39.36173        16.95433
30.85109        17.95164
20.21278        15.95701
19.14895        20.61114
9.574476        21.94089
6.382984        17.28676
18.08512        12.96507
9.574476        7.313631
9.574476        10.30557
9.574476        9.640695
11.70214        7.978506
9.574476        8.975819
9.574476        7.978506
8.510645        6.981193
7.446815        7.978506
8.510645        6.981193
9.574476         5.98388
8.510645        7.978506
4.255323        6.648755
5.319153        4.986566
4.255323        4.321691
1.063831        4.986566
2.127661        4.321691
2.127661        3.989253
2.127661        3.656815
1.063831        3.324378
1.063831        3.324378
1.063831        1.994627
       0        1.662189
       0               0
       0               0
1.063831               0
12.76597               0
34.04258               0
51.06387               0
61.70218               0
69.14899               0
73.40432               0
78.72347               0
84.04262               0
92.55327               0
100.0001               0
110.0919               0
125.7903               0
137.0035               0
153.8232               0
 170.643        0.332438
184.0987        0.664876
196.4332        1.329751
207.7331        1.662189
213.4033        1.994627
216.8054        2.659502
220.2075         2.99194
221.3415        3.324378
220.2075        3.989253
219.0734        4.321691
214.5373        4.986566
217.9394        4.986566
216.8054        5.319004
221.3415        5.651442
223.6096        6.648755
227.0117        6.981193
233.8159        7.646068
242.8882        7.978506
247.4243        8.310944
254.2285        9.308257
263.3008        9.973133
263.3008        10.63801
266.7029         12.3002
274.6411        13.96239
278.0432        13.62995
280.3113        13.96239
280.3113        15.62457
 270.105        14.62726
 268.971        13.96239
 271.239        14.62726
279.1773         17.6192
288.2495        16.62189
314.5868        18.94895
329.6695        19.28139
332.4118        18.61651
346.1233        17.95164
369.4329        19.94627
374.9175        20.94358
387.2579        21.27602
402.4306        22.93821
385.8868        23.60308
405.2783        25.93015
428.0599        28.25721
432.3314        25.59771
440.8745        26.59502
452.2653        28.25721
462.2323        28.25721
469.3516        29.58696
494.9809        29.58696
497.8286        28.58965
519.6544        30.91671
528.4059        31.24915
540.0745        32.24646
 548.826         32.5789
 556.119        34.90596
564.8705        36.90059
570.7048        37.23303
 573.622         37.8979
575.0805        39.89253
572.1634        40.88984
582.3735        40.88984
580.9149        41.22228
589.6664         42.2196
 591.125        42.55203
592.5835         44.8791
602.9508        45.21154
607.5728        43.54935
609.1135        46.87372
606.0321        47.20616
616.8168        48.86835
606.0321        46.87372
609.1135        47.87104
619.8981        48.86835
627.6014        49.20079
 633.764        48.20347
646.0893        50.86298
644.5486        51.19541
639.9267        50.53054
652.2519        51.86029
655.3333        51.52785
667.6585        52.52517
673.8212         52.8576
672.2805        53.85492
666.1179        54.51979
670.7399        55.84954
670.7399        55.51711
670.7399        55.84954
675.3618        54.85223
666.1179        55.84954
672.2805        55.51711
683.0651        55.18467
684.6058        56.18198
692.3091        57.84417
710.9487        57.51173
 712.511        58.17661
714.0733        59.17392
735.9455        60.17123
745.3193        61.16855
 743.757        59.50636
760.9423        62.83074
762.5046        63.16317
762.5046        63.16317
771.8784        63.16317
 775.003        63.16317
773.4407        65.49024
779.6899        76.12825
827.9515        69.14705
 846.038        68.48218
839.4611        68.14974
837.8168        69.14705
839.4611        71.14168
818.0862        69.47949
829.5957        71.80656
813.1535        70.80924
799.9998        70.80924
806.5766         70.4768
804.9324        73.13631
793.7506         70.4768
795.3129        74.46606
787.5014         74.7985
778.1276        73.80118
787.5014        76.79312
771.8784        75.46337
768.7538        76.12825
764.0669        76.46068
  759.38        76.79312
757.8177        76.12825
773.4407        77.79044
773.4407        77.12556
764.0669        79.12019
757.8177        77.79044
757.8177        82.11213
753.1308        79.78506
  759.38        78.45531
754.6931        78.78775
753.1308        82.44456
753.1308        78.12287
748.4439        80.44994
732.8209        79.78506
 728.134        78.45531
729.6963        80.78237
709.3864        81.77969
718.7602        79.12019
703.1372        80.78237
701.5749        80.78237
683.0651        75.46337
687.6871        81.11481
658.4146        77.12556
559.0361        71.47412
516.7372        54.18735
545.9089        52.19273
649.1706        31.24915
 531.323        23.60308
497.8286        24.60039
551.7432        30.91671
510.9029        24.60039
