       0               0
       0               0
       0        0.664876
18.08512        0.664876
37.23407        0.664876
47.87238        0.332438
53.19153        0.664876
60.63835        0.664876
68.08516        0.332438
75.53198        0.332438
86.17028        0.664876
94.68093        0.664876
107.8493        0.664876
123.5477        0.664876
138.1248        0.997313
152.7019        0.997313
 167.279        1.662189
160.5511        1.994627
154.9445        1.994627
154.9445        1.994627
153.8232        2.327064
154.9445        2.327064
154.9445        2.659502
153.8232        2.659502
154.9445         2.99194
154.9445         2.99194
151.5806         2.99194
153.8232        3.324378
153.8232        3.656815
153.8232        3.656815
154.9445        3.656815
154.9445        3.656815
156.0659        3.989253
157.1872        3.989253
158.3085        4.321691
159.4298        3.989253
159.4298        4.654129
159.4298        4.321691
160.5511        4.654129
162.7937        4.654129
162.7937        4.986566
163.9151        4.986566
166.1577        5.319004
 167.279        5.651442
 167.279        5.651442
169.5216        5.651442
166.1577         5.98388
169.5216         5.98388
171.7643        6.648755
 170.643        6.648755
169.5216        6.316317
174.0069        7.313631
171.7643        7.313631
172.8856        7.646068
172.8856        8.643382
 170.643        8.643382
171.7643        7.978506
175.1282        8.643382
174.0069        8.643382
175.1282        8.310944
177.3708        9.308257
176.2495        8.975819
177.3708        9.308257
177.3708        9.973133
177.3708        9.640695
175.1282        9.973133
179.6135        9.973133
178.4922        9.973133
178.4922        9.973133
179.6135        11.30288
177.3708        10.63801
178.4922        10.63801
179.6135        11.30288
178.4922        10.97045
176.2495        10.30557
180.7348        10.97045
176.2495        11.63532
176.2495        10.30557
180.7348        10.30557
179.6135        10.63801
176.2495        11.63532
177.3708        10.63801
178.4922        10.63801
178.4922        10.63801
180.7348        10.97045
176.2495        10.97045
176.2495        10.63801
179.6135        10.63801
179.6135        11.30288
174.0069        11.30288
176.2495        10.97045
176.2495        11.30288
177.3708        10.63801
179.6135        10.97045
180.7348        9.973133
180.7348        9.640695
180.7348        10.63801
178.4922        10.63801
179.6135        10.63801
179.6135        10.30557
180.7348        10.30557
181.8561        11.30288
179.6135        10.30557
181.8561        10.97045
179.6135        10.97045
181.8561        10.30557
179.6135        11.30288
180.7348        10.63801
182.9774        11.30288
180.7348        10.30557
182.9774        10.63801
180.7348        11.63532
181.8561        10.63801
182.9774        11.30288
180.7348        11.30288
182.9774        11.63532
182.9774        11.30288
181.8561        11.63532
181.8561        11.30288
182.9774        10.97045
185.2201        10.63801
184.0987        11.63532
182.9774        11.30288
182.9774        11.96776
182.9774        11.96776
181.8561        11.63532
181.8561        12.63264
181.8561        11.30288
184.0987        11.63532
184.0987        11.96776
181.8561        11.96776
179.6135        12.63264
180.7348        11.96776
181.8561        11.63532
182.9774        10.97045
184.0987        10.97045
185.2201        10.97045
180.7348        10.97045
184.0987        11.96776
180.7348        12.63264
178.4922         12.3002
181.8561         12.3002
180.7348        12.63264
181.8561        11.96776
181.8561        11.96776
182.9774        11.96776
184.0987        11.96776
181.8561         12.3002
178.4922        11.96776
181.8561         12.3002
181.8561        12.63264
177.3708        11.63532
184.0987        10.30557
186.3414        10.63801
184.0987        9.973133
 188.584        10.30557
186.3414        10.63801
185.2201        10.63801
186.3414        11.63532
185.2201        10.63801
186.3414        10.97045
184.0987        11.63532
184.0987        11.63532
185.2201        11.30288
187.4627        10.97045
187.4627        11.30288
187.4627        10.97045
190.8266        11.30288
189.7053        12.63264
185.2201        12.96507
187.4627         12.3002
 188.584        11.63532
190.8266        11.96776
191.9479        11.96776
191.9479        10.97045
191.9479        11.30288
194.1906        12.63264
190.8266        12.96507
 188.584        13.96239
185.2201        12.96507
187.4627        10.30557
193.0693        10.97045
195.3119        10.97045
193.0693        10.63801
194.1906        11.30288
191.9479        11.63532
189.7053        10.97045
189.7053        11.30288
185.2201        11.96776
 188.584        11.96776
190.8266        11.63532
187.4627        11.30288
 188.584        10.63801
193.0693        9.640695
194.1906        9.973133
193.0693        11.30288
197.5545        10.63801
198.6758         12.3002
194.1906         12.3002
196.4332        12.96507
195.3119        13.29751
195.3119        12.96507
197.5545        12.96507
200.9289        12.63264
207.7331        12.63264
208.8671        13.29751
208.8671        12.63264
 205.465        11.63532
208.8671         12.3002
213.4033        13.96239
206.5991        13.96239
213.4033        14.29482
215.6713        13.29751
220.2075        13.96239
223.6096        14.62726
222.4755        13.29751
229.2797        13.96239
233.8159        13.62995
231.5478        14.29482
234.9499        17.28676
239.4861        15.29214
249.6924        16.95433
251.9604        15.62457
257.6306        15.29214
254.2285        16.28945
258.7646        16.95433
263.3008        17.95164
264.4348         17.6192
265.5689        21.27602
272.3731        20.61114
281.4453        18.94895
 268.971        15.29214
255.3625         17.6192
251.9604        20.61114
246.2903        19.28139
 237.218        18.94895
247.4243        19.94627
 268.971        19.28139
261.0327        19.28139
249.6924        22.60577
262.1668        20.61114
253.0945        20.61114
241.7541        22.60577
242.8882        23.60308
232.6819        22.27333
224.7436        23.93552
231.5478        23.60308
240.6201        23.60308
221.3415        24.60039
208.8671        20.61114
211.1352        21.60845
189.7053         20.2787
179.6135        21.94089
176.2495        21.60845
161.6724        21.94089
144.8527        19.94627
153.8232        20.94358
131.3969        19.94627
120.1838        15.95701
123.5477        19.94627
97.87242        16.62189
 93.6171        17.95164
86.17028         17.6192
78.72347        12.96507
67.02133        15.29214
69.14899        16.28945
58.51069        13.96239
50.00004        13.62995
51.06387        12.63264
46.80855        9.640695
39.36173        7.646068
36.17024        7.978506
31.91492        7.978506
25.53194        8.975819
23.40427         5.98388
21.27661        4.986566
15.95746        4.321691
14.89363        2.659502
 13.8298        3.656815
10.63831        2.659502
11.70214        3.324378
9.574476        2.659502
8.510645        1.994627
8.510645        1.994627
8.510645        2.659502
5.319153        2.659502
6.382984        1.329751
6.382984        1.662189
3.191492        1.662189
5.319153        0.997313
4.255323        1.662189
2.127661        0.997313
3.191492        0.332438
3.191492        1.662189
2.127661        0.997313
3.191492        0.664876
2.127661        0.997313
1.063831        0.664876
       0               0
       0               0
12.76597               0
39.36173               0
62.76601               0
77.65964               0
82.97879               0
94.68093               0
107.8493               0
129.1543               0
151.5806               0
177.3708               0
195.3119               0
212.2692               0
225.8776               0
228.1457        0.332438
234.9499        0.664876
241.7541        1.329751
242.8882        1.994627
249.6924        2.327064
247.4243         2.99194
247.4243        3.656815
247.4243        3.989253
241.7541        4.321691
 236.084        4.654129
230.4138        4.986566
225.8776        5.651442
227.0117        5.651442
228.1457        6.648755
229.2797        6.981193
233.8159        7.646068
245.1562        7.978506
251.9604        8.310944
258.7646        8.975819
263.3008        9.973133
 270.105        10.30557
 268.971        10.63801
273.5071        11.96776
274.6411        11.96776
272.3731        11.96776
275.7752        12.96507
275.7752        12.63264
 271.239        12.96507
273.5071        12.63264
 271.239        13.96239
274.6411         14.9597
282.5794        15.95701
285.9815        15.95701
284.8474        16.62189
289.3836        16.62189
291.6516        15.95701
287.1155        16.28945
281.4453        15.62457
284.8474        16.95433
284.8474         17.6192
287.1155        18.28408
290.5176        19.28139
290.5176        17.28676
289.3836        16.62189
289.3836        16.62189
288.2495        17.28676
295.0538        17.95164
289.3836        17.95164
295.0538        19.94627
297.3218        19.61383
292.7857        18.94895
291.6516        17.95164
296.1878        17.95164
295.0538         17.6192
296.1878        17.95164
304.9888        19.28139
307.7311         20.2787
313.2157        20.94358
311.8445        18.94895
304.9888        20.61114
300.8753        19.61383
302.2464        22.60577
309.1022        21.27602
303.6176        19.94627
299.5899        19.61383
303.6176        20.94358
303.6176        18.94895
307.7311         20.2787
320.0714         20.2787
317.3291        19.94627
309.1022        20.61114
 315.958        23.93552
306.3599        22.60577
303.6176        19.28139
302.2464        19.61383
291.6516        18.94895
297.3218        22.27333
303.6176        22.93821
303.6176        19.61383
311.8445        19.61383
317.3291         20.2787
318.7003         20.2787
324.1849        18.61651
324.1849        19.28139
314.5868        20.61114
317.3291        23.27064
320.0714        22.93821
324.1849        23.93552
 333.783        24.60039
337.8964        22.60577
342.0099        23.60308
337.8964        21.94089
324.1849        19.61383
 325.556        19.61383
328.2983        18.94895
337.8964        19.94627
339.2676        22.60577
340.6387        25.93015
 343.381        25.26527
339.2676        23.93552
340.6387        22.27333
339.2676        22.93821
335.1541        22.27333
320.0714        21.94089
321.4426        22.60577
318.7003        20.61114
324.1849        23.60308
340.6387        24.26796
350.2368        22.93821
357.0926        19.94627
358.4637        21.27602
346.1233        19.94627
354.3503        23.27064
352.9791        22.27333
354.3503        22.27333
346.1233        21.60845
342.0099        21.27602
369.4329        25.59771
372.1752        22.60577
376.2887        22.60577
374.9175        24.60039
 379.031        25.93015
 379.031        26.92746
363.9483        25.59771
363.9483        27.59233
366.6906        28.58965
348.8656        25.59771
359.8349         27.2599
366.6906        20.94358
374.9175         20.2787
369.4329        22.60577
366.6906        24.93283
365.3195        25.26527
362.5772        23.60308
352.9791        24.60039
350.2368        25.93015
336.5253        26.92746
320.0714         27.2599
318.7003        26.26258
306.3599        29.58696
290.5176        26.26258
293.9197        28.25721
267.8369        28.25721
257.6306        28.58965
244.0222         29.9194
225.8776        23.60308
219.0734        26.92746
200.9289        26.26258
 203.197        22.93821
 188.584        25.59771
176.2495         20.2787
 170.643        21.60845
154.9445         20.2787
153.8232        19.61383
 128.033        21.27602
141.4888        19.28139
120.1838        21.60845
104.4853        17.95164
104.4853         17.6192
87.23411        17.95164
88.29794        16.62189
80.85113        14.29482
75.53198        13.29751
63.82984        11.96776
59.57452        11.63532
56.38303        10.63801
45.74472        9.640695
42.55323        9.973133
 38.2979        10.63801
28.72343        7.646068
25.53194        6.981193
25.53194        4.986566
20.21278        5.319004
15.95746        3.989253
19.14895        3.989253
14.89363        4.321691
 13.8298         2.99194
 13.8298        4.986566
10.63831        5.319004
9.574476        3.324378
11.70214        3.656815
8.510645        3.324378
7.446815        2.659502
8.510645        3.324378
6.382984        2.327064
5.319153        3.324378
6.382984         2.99194
4.255323        1.994627
3.191492        2.659502
3.191492        1.994627
2.127661        1.994627
2.127661        0.997313
3.191492        1.329751
2.127661        0.997313
2.127661        0.997313
2.127661        0.997313
2.127661        0.997313
2.127661        0.997313
2.127661        0.664876
2.127661        0.997313
2.127661        0.997313
2.127661        0.664876
2.127661        0.997313
1.063831        0.997313
2.127661        0.664876
2.127661        0.664876
2.127661        0.997313
2.127661        0.664876
1.063831        0.997313
1.063831        0.997313
       0               0

